100
17 89 3 4
43.08 44.51 76.53 17.29 81.72 63.53 43.27 56.68 82.42 92.76 10.30 45.05 86.76 52.32 14.48 80.78 73.92 22.64 23.82 69.10 40.88 92.40 39.08 80.69 94.54 60.43 64.78 91.47 53.89 1.92 44.97 72.40 84.95 71.86 
13.43 63.18 76.10 58.57 63.33 83.00 85.59 71.68 23.87 28.66 47.74 86.39 75.02 35.60 56.15 2.10 74.82 99.02 97.35 30.09 66.33 10.55 69.24 74.37 37.39 72.20 5.52 22.11 74.50 35.74 19.72 90.23 19.42 74.49 56.90 46.88 52.38 9.89 56.40 20.98 89.52 98.20 2.23 69.12 59.63 19.78 32.34 89.21 65.82 25.47 28.48 18.53 32.34 77.45 71.76 52.06 11.81 66.19 4.79 84.51 33.31 58.80 67.95 82.51 27.18 77.15 28.84 17.23 28.82 55.97 10.83 26.86 25.83 16.94 75.79 17.35 44.82 93.65 97.13 78.53 19.29 53.23 42.01 79.02 94.82 64.85 96.22 91.71 63.14 
0 1 1 
1 3 2 2 
76 79 4 3
43.15 30.69 38.37 86.49 33.11 96.81 56.03 13.63 98.39 15.75 58.64 54.53 5.78 93.36 49.56 96.25 12.28 35.86 41.90 2.96 1.24 52.57 15.91 30.08 43.33 16.85 78.82 83.93 36.74 67.11 36.99 94.43 55.73 67.50 87.10 4.34 21.89 44.04 89.44 70.32 80.72 57.95 37.39 21.91 32.87 31.97 74.90 25.52 7.84 85.16 81.58 25.20 31.45 56.74 8.82 47.59 56.96 39.50 37.71 90.44 48.77 17.86 81.96 3.64 43.86 74.67 86.52 91.28 96.24 25.55 36.57 34.06 30.61 46.37 5.67 21.94 80.96 97.06 95.95 37.27 27.01 68.68 34.02 45.58 27.65 37.46 67.80 90.29 96.91 5.83 48.43 96.48 42.81 57.38 97.75 12.79 70.17 97.97 96.12 77.66 75.78 32.00 39.81 68.71 65.55 93.04 4.46 36.98 50.79 82.68 78.59 72.83 84.75 23.94 71.80 26.65 78.19 38.75 15.77 34.73 31.48 52.53 16.56 68.94 81.55 15.34 3.97 53.02 49.25 94.05 19.81 81.43 83.16 11.58 90.94 67.94 7.16 59.30 98.14 36.02 39.28 22.09 20.96 6.50 57.05 91.37 8.37 56.61 22.05 2.01 71.74 86.89 
76.74 8.07 51.91 97.99 73.69 21.76 33.03 88.68 74.50 34.55 33.17 8.30 63.25 61.42 93.04 77.62 22.85 70.33 70.20 85.90 67.67 44.04 8.69 82.35 55.35 84.13 11.07 20.66 29.11 14.30 90.54 66.87 74.31 71.05 41.43 79.59 86.83 18.30 93.78 8.64 11.22 20.62 60.83 60.01 6.74 87.54 25.37 45.39 16.58 14.43 35.90 85.58 42.64 80.63 92.01 67.36 25.74 63.94 40.50 90.01 15.09 94.33 95.53 66.97 53.18 16.87 5.03 5.79 51.55 2.88 92.26 9.10 18.24 83.04 13.60 27.46 21.44 75.00 98.43 
0 0 3 0 
1 0 0 
27 32 2 1
70.20 88.64 14.54 86.21 36.45 82.89 58.13 50.63 28.42 31.61 75.38 33.47 32.66 19.87 10.93 46.30 50.73 55.67 78.19 45.82 91.77 76.21 20.21 51.07 12.99 49.55 21.97 5.27 70.94 81.93 78.33 55.58 71.83 13.13 64.00 75.42 81.51 82.38 54.00 60.27 63.83 63.73 1.16 96.42 53.20 39.32 85.83 28.80 98.77 19.16 92.55 87.51 45.61 6.11 
95.59 34.49 8.20 29.12 42.13 72.15 7.05 99.23 45.62 32.25 82.22 63.24 58.38 53.66 71.91 62.48 81.40 3.30 34.93 6.10 14.86 98.98 66.29 52.06 70.73 89.80 63.08 17.71 58.83 19.41 94.04 93.09 
0 0 
0 
95 36 2 1
20.24 15.81 78.47 76.30 68.30 81.25 7.17 6.20 25.32 80.32 7.45 69.01 60.39 67.65 34.53 90.42 82.95 29.35 71.84 72.81 58.90 45.27 3.46 40.17 61.41 17.08 23.11 48.76 94.42 16.50 35.08 5.82 86.06 94.18 12.44 86.02 7.12 52.25 96.95 85.02 14.78 74.79 43.38 98.70 61.16 51.87 54.30 22.25 15.43 12.87 10.45 37.47 77.36 67.21 90.18 86.14 78.67 89.68 19.36 42.45 28.11 53.95 63.75 38.97 86.04 25.47 16.06 87.62 14.50 17.75 64.24 67.57 97.92 34.57 54.03 77.89 45.11 61.79 86.51 45.35 56.09 21.72 78.53 97.29 61.00 65.64 45.89 54.18 99.83 78.11 12.55 37.06 81.72 36.85 88.05 70.40 46.63 14.43 62.77 34.72 75.45 23.28 84.97 11.25 78.35 49.07 99.85 12.18 71.70 83.35 5.13 75.33 45.07 42.28 60.74 90.62 69.92 43.69 98.70 48.99 71.00 37.73 78.86 21.62 15.19 85.74 61.23 36.81 23.35 46.90 62.38 55.80 37.73 59.45 27.15 50.41 82.95 6.30 49.93 52.02 88.92 99.96 32.08 72.39 26.95 70.39 24.44 89.76 12.08 99.07 52.68 59.11 6.97 41.60 68.96 31.27 22.13 62.84 84.73 63.55 86.53 31.02 89.71 58.80 9.03 45.42 41.53 90.52 83.55 12.55 39.63 78.69 64.51 57.31 71.71 13.93 1.44 17.48 16.24 67.29 3.42 73.46 39.34 9.96 69.79 68.07 28.46 92.07 31.89 93.76 
48.11 72.72 69.92 49.60 60.43 87.35 64.28 39.95 37.01 17.98 99.00 78.70 2.26 9.73 93.81 25.47 67.55 53.41 97.87 59.94 17.17 21.85 96.27 62.54 16.65 84.70 73.65 3.29 39.73 86.44 69.30 28.62 30.13 23.70 23.56 74.75 
0 0 
0 
3 35 1 1
78.04 56.21 93.44 13.40 28.16 29.46 
28.96 44.41 42.37 32.35 63.02 86.36 4.09 94.81 11.65 92.96 26.09 7.81 31.27 18.15 45.95 69.90 84.81 94.73 4.26 42.72 36.16 80.62 46.72 95.57 30.20 49.02 57.00 9.88 83.07 11.59 56.04 18.54 94.30 5.84 75.93 
0 
0 
17 9 2 4
13.04 71.86 25.47 64.95 28.07 78.30 86.84 15.74 38.66 71.00 38.79 66.46 82.40 19.59 83.35 15.38 83.73 33.74 65.15 15.72 22.49 66.53 93.76 37.44 75.17 42.18 32.16 60.46 23.64 37.61 78.87 27.36 11.30 3.53 
32.75 65.80 56.68 77.26 31.01 56.71 53.01 37.23 51.79 
0 1 
3 0 3 0 
3 26 1 3
34.00 60.97 22.45 22.82 76.57 65.90 
49.82 41.60 86.58 30.76 14.57 44.42 87.59 64.04 93.42 25.72 5.48 94.17 96.56 35.93 62.52 70.76 4.24 20.59 20.82 76.64 64.87 92.13 12.00 46.55 2.67 29.88 
0 
1 2 1 
49 69 1 1
98.95 60.29 95.72 18.01 11.13 91.49 72.05 68.98 93.95 72.20 32.84 4.69 83.81 51.86 6.40 11.65 7.70 4.71 24.09 68.82 60.32 30.98 19.01 97.83 62.20 44.01 96.55 77.85 8.57 14.90 46.01 83.15 29.58 10.43 49.07 50.48 44.90 25.49 57.67 97.77 74.28 9.35 89.64 41.26 74.73 19.05 5.32 6.23 48.17 95.09 31.61 26.92 68.42 34.21 16.58 32.95 72.79 40.51 87.48 51.45 55.92 10.90 28.83 51.91 20.77 32.30 86.08 20.92 38.63 14.09 55.30 12.80 87.14 68.15 3.49 48.74 41.59 36.49 26.29 40.71 13.13 14.36 69.04 98.70 58.91 64.53 53.49 58.08 93.65 30.58 20.12 74.02 66.01 27.26 10.23 89.60 95.42 3.62 
29.91 13.04 66.64 2.89 76.65 42.12 95.56 11.75 88.12 25.99 56.64 3.71 38.59 65.44 53.33 67.44 97.77 66.74 21.40 77.00 18.21 66.75 29.84 85.58 54.23 25.07 1.32 1.54 80.74 48.75 66.54 95.90 9.35 79.70 71.04 68.98 30.14 16.09 37.43 53.26 74.51 27.42 78.07 70.10 38.54 22.96 33.62 38.73 85.89 12.61 43.55 63.14 98.90 53.46 66.82 96.67 57.09 97.20 54.48 98.42 81.97 8.86 61.93 12.93 93.69 96.42 85.59 58.33 24.96 
0 
0 
77 53 1 1
70.45 5.62 92.34 85.27 27.64 34.17 69.28 44.86 88.19 79.83 7.79 30.30 22.96 53.87 40.19 8.51 76.87 57.40 49.42 30.42 50.11 91.05 49.22 15.50 88.13 77.61 17.38 55.14 68.76 94.80 17.66 78.59 67.70 50.81 72.90 56.46 30.17 21.01 60.22 18.66 98.47 73.46 17.86 65.81 83.55 56.16 87.30 96.79 95.45 57.89 33.47 31.74 5.60 94.72 96.09 18.24 35.83 46.58 7.28 32.88 37.80 51.32 74.36 24.25 49.97 32.75 47.82 40.64 93.66 39.80 49.42 90.57 21.23 14.64 58.74 14.61 65.12 70.03 47.54 8.04 49.94 45.61 30.97 49.64 21.92 26.78 50.74 76.56 92.69 67.01 63.36 21.15 13.37 27.24 62.83 89.32 83.06 28.52 38.04 81.06 98.07 90.01 25.21 51.13 82.27 33.27 89.13 15.35 63.48 53.48 40.57 60.28 33.34 72.06 58.75 53.22 5.20 13.06 1.64 75.15 3.96 24.50 19.43 99.45 89.60 86.58 23.64 14.55 45.92 35.68 7.24 29.19 26.03 24.98 35.06 71.58 11.92 16.00 5.50 46.44 86.82 1.95 73.92 56.43 91.09 6.05 55.61 32.96 92.68 80.12 89.53 73.29 77.56 5.74 
52.49 21.67 68.13 68.65 32.15 66.60 3.29 11.17 10.69 67.61 70.92 45.60 81.45 97.46 40.02 16.19 91.06 60.18 70.11 16.83 4.28 81.49 59.62 6.10 54.91 40.35 89.21 12.00 92.69 9.78 23.44 14.45 62.43 23.80 55.94 15.18 79.71 43.94 73.76 63.00 85.04 54.41 13.71 69.22 22.95 29.57 49.53 22.05 21.58 89.13 64.31 19.47 4.20 
0 
0 
88 38 3 3
98.34 10.34 1.74 71.71 68.71 29.82 67.40 29.65 36.57 92.46 54.13 35.13 6.90 18.52 18.75 24.89 24.55 54.98 28.79 27.64 11.04 58.14 18.02 73.71 25.34 58.51 50.84 78.12 41.25 4.79 81.88 41.74 91.66 64.96 44.28 92.92 25.65 36.41 29.23 37.11 86.41 53.70 92.58 86.99 38.45 32.45 40.70 92.77 6.06 69.05 20.06 18.92 38.56 14.58 92.70 17.40 65.68 89.99 32.18 68.66 22.84 68.18 17.41 68.37 26.48 35.07 20.54 43.55 87.10 69.57 83.91 55.34 42.99 42.07 14.15 87.79 11.64 64.16 40.44 52.47 85.21 97.82 26.32 44.60 91.66 86.21 27.43 80.36 64.54 98.22 46.25 91.64 8.12 17.61 63.89 5.18 45.10 57.35 58.15 48.46 82.67 8.95 81.07 35.71 45.89 11.26 94.37 26.07 78.76 30.90 27.73 46.00 52.89 77.87 57.03 64.83 41.23 19.57 90.37 35.10 92.97 69.93 57.08 94.34 68.71 25.37 8.04 1.06 48.33 63.05 64.68 88.93 95.87 96.60 49.96 6.00 3.69 78.32 65.47 20.03 94.25 49.69 11.80 46.03 62.59 33.94 61.02 23.50 36.09 94.91 36.32 57.38 78.49 55.84 68.62 36.64 79.68 43.99 59.94 18.98 68.42 74.30 3.13 65.45 72.90 97.85 57.28 37.23 22.55 34.12 41.47 89.50 71.05 99.45 13.79 26.91 
24.18 90.13 79.07 22.77 91.91 80.10 8.09 16.15 91.08 92.75 62.62 8.89 79.75 8.05 77.68 11.62 49.73 59.96 15.05 46.53 50.46 88.47 30.66 9.43 90.03 54.30 60.33 47.84 86.57 86.67 31.71 43.90 52.38 39.40 43.73 99.37 48.72 2.42 
0 2 2 
1 1 0 
32 12 3 4
55.81 21.06 64.80 53.84 69.31 88.95 33.61 46.51 69.26 10.22 72.64 59.99 64.04 44.75 23.85 78.37 35.22 1.88 38.84 67.79 46.56 39.28 63.37 54.94 79.43 47.92 41.10 30.55 53.03 95.53 35.49 14.18 79.69 91.99 27.32 9.08 80.46 58.56 28.77 11.85 8.65 60.39 86.05 36.44 69.91 7.04 87.78 59.03 30.10 80.80 65.17 86.47 47.23 40.97 90.55 8.93 73.95 74.27 2.88 90.98 59.68 89.51 40.76 43.30 
43.20 68.84 66.14 93.16 6.45 84.78 8.64 68.24 42.87 19.55 58.76 52.71 
0 0 1 
1 2 2 1 
8 50 3 4
92.07 62.06 55.99 12.63 59.80 14.81 57.79 56.10 89.58 67.79 50.14 98.86 1.36 7.36 72.44 20.50 
56.08 77.14 30.18 67.59 87.70 73.82 81.37 49.43 49.87 30.19 16.01 62.81 20.59 16.39 52.72 75.54 54.51 23.17 70.02 67.78 2.20 13.19 91.25 67.34 63.23 28.36 45.03 2.96 86.12 42.02 78.95 96.71 23.55 97.64 71.32 67.62 57.35 3.86 73.80 99.86 91.41 2.00 48.37 27.16 17.00 80.91 9.72 50.67 28.11 43.91 
1 1 1 
2 3 1 3 
19 59 2 4
6.96 94.51 16.97 19.92 89.32 30.08 20.12 70.73 91.90 80.16 44.70 26.83 19.79 51.93 89.20 86.03 2.65 59.52 25.30 4.48 6.27 14.95 2.47 98.15 38.93 57.20 77.58 45.78 69.09 39.16 44.91 17.66 26.08 86.08 51.62 75.64 27.07 42.17 
76.52 54.33 10.15 43.81 69.11 89.22 80.36 21.35 81.37 47.25 54.43 92.72 53.76 43.83 15.79 11.76 84.50 77.89 53.87 98.34 9.63 56.10 34.01 17.96 36.12 32.69 97.73 76.51 8.83 3.93 86.68 91.01 13.06 30.10 48.75 97.59 27.41 35.86 70.08 88.40 58.13 5.74 39.48 52.75 51.61 98.13 77.20 4.06 5.38 14.20 51.43 26.77 30.15 52.70 78.69 2.50 32.43 86.39 92.04 
1 0 
3 1 0 1 
29 35 4 1
31.99 42.72 35.73 73.15 23.91 74.17 92.96 11.23 5.46 7.15 95.64 83.79 46.61 14.75 5.26 36.13 2.64 60.57 80.05 14.62 85.09 72.30 56.05 9.28 54.93 75.54 76.31 79.02 69.54 59.27 55.26 69.91 11.04 25.71 53.41 75.08 50.83 48.59 30.94 6.32 96.48 10.15 75.31 33.62 17.42 94.11 76.38 34.03 17.46 43.58 60.41 28.95 26.60 21.92 80.82 29.91 6.54 30.60 
57.52 20.01 95.94 86.36 95.30 92.54 70.54 59.22 88.46 83.99 43.00 83.54 62.43 79.28 26.60 87.85 94.65 36.51 35.28 19.48 22.15 80.11 86.49 71.40 19.79 59.01 28.92 63.86 71.14 14.65 26.88 50.68 41.15 97.18 40.31 
1 0 3 0 
0 
28 52 1 1
69.61 14.58 1.37 85.49 33.93 5.75 58.15 94.72 75.61 57.92 73.69 59.46 59.40 84.93 47.19 96.48 72.71 99.77 74.68 36.99 37.41 17.74 34.94 10.03 58.92 7.38 14.28 16.12 73.11 72.26 21.48 11.41 96.57 51.22 37.24 31.23 98.01 8.17 41.21 58.27 96.58 3.48 5.33 3.53 24.00 72.78 55.81 29.31 11.61 43.61 96.06 8.34 31.92 41.42 10.88 23.22 
18.78 34.73 99.23 90.52 77.23 42.90 64.70 73.10 67.52 99.85 58.68 7.73 3.07 89.15 80.29 92.04 48.26 79.20 16.12 35.48 11.71 5.28 82.67 66.44 58.48 93.53 82.57 17.88 32.60 53.68 89.60 32.07 93.80 50.45 35.18 24.05 96.01 88.37 83.34 5.98 57.33 77.53 29.44 98.33 88.05 92.55 81.56 12.92 3.06 85.29 55.27 17.61 
0 
0 
28 27 4 4
37.61 3.16 37.00 34.11 80.98 24.55 53.17 61.99 55.74 23.87 38.50 30.73 7.32 67.52 3.08 81.23 54.90 17.50 12.98 26.65 70.05 33.54 56.28 10.49 58.95 48.23 4.74 12.66 80.96 95.93 38.39 44.68 55.65 21.26 85.83 59.42 33.93 88.70 9.87 8.31 39.58 96.38 38.93 70.12 79.35 99.17 43.87 38.89 26.11 77.36 51.32 44.67 57.63 34.37 98.94 13.17 
50.52 11.33 12.88 97.93 4.52 53.96 26.51 50.48 40.60 67.59 72.90 6.00 53.17 42.25 74.25 52.07 60.51 93.08 43.58 7.05 26.99 45.05 5.67 4.50 16.67 34.29 42.77 
0 3 2 0 
1 0 1 0 
26 80 1 3
80.91 96.86 58.94 34.12 62.33 98.96 99.48 50.80 57.44 74.15 47.35 62.94 91.41 58.82 58.02 65.88 8.65 86.33 90.39 2.81 52.91 25.65 77.50 7.97 46.88 63.08 35.88 65.22 85.24 88.81 64.05 23.59 66.52 72.68 81.56 39.07 11.86 50.57 16.59 36.87 35.83 68.07 91.71 56.06 23.94 15.69 62.11 62.23 77.67 6.28 84.04 73.18 
95.59 24.24 59.48 89.04 63.82 21.32 50.24 38.63 77.82 34.41 71.26 15.76 64.25 46.79 60.92 75.32 45.43 55.43 36.61 8.78 69.64 75.27 19.38 14.24 41.92 19.88 19.51 92.06 47.98 46.92 72.23 86.80 1.48 87.41 24.76 81.74 41.19 87.94 24.97 1.20 61.46 87.20 3.69 66.65 54.83 35.05 73.99 86.68 7.76 78.21 30.17 90.13 5.98 8.35 63.05 13.45 56.32 13.62 84.09 45.30 63.76 31.38 80.04 72.92 50.55 84.56 92.46 28.41 58.85 87.69 86.42 28.13 20.32 75.89 11.98 33.95 28.85 48.34 58.52 73.60 
0 
1 1 2 
46 60 4 2
40.10 84.61 79.17 5.46 21.84 29.99 99.57 64.21 46.30 36.84 1.87 61.43 29.01 65.59 26.28 94.08 27.95 39.21 25.55 54.53 23.05 67.37 8.41 8.92 75.40 83.24 66.60 14.75 33.42 4.83 37.93 16.72 17.76 90.01 79.98 64.57 47.00 48.90 59.15 97.75 54.13 54.82 77.02 8.76 90.65 28.15 28.60 75.52 68.20 7.30 40.71 34.68 34.40 11.57 34.11 70.63 78.40 64.12 43.39 9.90 45.61 79.99 48.23 74.24 43.65 84.36 5.95 36.58 74.62 46.11 4.55 75.48 41.17 46.41 46.98 95.88 44.76 6.82 19.51 23.78 76.13 12.77 19.34 6.25 67.68 62.14 13.02 21.12 93.86 59.14 24.21 53.45 
20.64 19.77 32.17 60.71 83.39 64.44 44.77 80.38 97.25 3.89 71.31 14.62 92.26 64.81 1.28 30.45 90.48 79.58 39.27 54.56 55.38 21.02 50.84 61.38 37.31 11.17 99.14 61.74 38.49 87.77 21.92 90.14 68.33 60.15 3.58 92.54 29.00 60.04 36.86 90.43 24.30 21.70 82.08 62.34 68.34 21.16 64.03 8.25 20.94 99.08 92.88 80.89 55.09 61.56 20.17 64.60 56.62 67.84 79.20 25.66 
3 1 0 3 
0 1 
10 46 3 3
61.88 84.95 40.02 76.99 94.19 23.10 41.04 76.84 99.64 41.30 28.55 6.94 92.30 36.55 83.55 79.01 38.05 63.78 67.22 51.82 
92.55 6.32 56.79 73.44 40.99 57.01 88.86 12.96 84.69 38.92 74.42 47.97 80.47 98.60 83.71 11.39 11.06 80.39 23.99 92.65 13.83 91.58 93.00 87.01 96.73 25.90 89.29 47.37 48.08 79.13 63.66 58.87 85.99 94.69 84.35 50.36 87.61 47.19 74.95 90.31 84.95 78.75 87.43 62.68 84.23 9.44 
0 2 0 
1 2 1 
54 80 4 4
41.73 75.38 28.29 13.46 19.34 83.64 98.55 83.92 82.65 84.51 67.19 49.49 91.32 90.50 74.76 44.17 48.81 71.63 89.07 5.08 55.86 61.77 22.23 75.18 69.20 90.35 96.77 18.16 37.71 31.35 33.29 32.05 73.54 14.81 58.50 68.11 10.90 64.63 37.84 64.33 88.50 41.58 68.20 85.03 59.56 60.14 93.56 88.52 11.86 82.98 99.44 63.04 95.88 32.01 66.56 3.50 91.59 73.79 16.98 3.07 27.27 86.41 22.31 41.16 94.73 70.37 39.75 30.73 3.40 22.75 97.50 75.58 26.64 35.77 91.66 69.02 2.43 99.06 34.11 5.65 38.82 21.24 65.53 55.02 20.75 70.95 66.98 83.89 59.52 93.36 80.17 30.98 76.09 73.08 29.58 88.89 2.82 73.60 33.31 59.15 50.71 7.00 2.68 25.64 50.77 73.01 54.87 33.58 
40.10 8.53 59.71 34.08 5.95 22.64 75.29 91.36 37.85 78.09 41.79 52.99 95.53 66.99 44.16 59.37 62.27 14.83 58.30 48.74 86.87 65.11 27.78 68.18 81.80 51.54 51.11 46.47 82.53 59.72 50.26 93.41 52.36 77.29 60.33 79.87 44.43 91.42 42.53 67.93 2.85 32.33 95.98 14.24 26.81 98.71 9.54 40.91 99.91 96.91 64.03 71.66 32.73 93.24 97.39 62.80 36.56 58.67 87.56 13.46 39.23 7.26 22.30 41.43 83.71 40.19 4.40 9.36 67.65 21.27 21.55 36.42 30.89 40.77 15.57 10.08 2.57 26.25 65.59 98.34 
1 2 1 1 
0 3 3 0 
57 26 1 1
29.72 95.26 25.47 43.02 7.75 63.47 74.69 33.82 94.20 41.17 21.38 35.06 84.30 40.92 45.26 7.35 24.98 17.91 67.74 20.03 40.03 61.89 22.52 57.05 78.02 49.23 15.63 45.21 96.45 51.49 67.88 30.71 29.24 40.70 65.53 81.89 59.61 12.40 7.80 79.99 90.13 60.62 19.15 84.49 91.74 26.41 78.39 49.80 27.74 3.08 14.78 57.21 78.22 79.96 44.29 99.78 24.29 42.83 75.29 34.32 97.74 96.04 23.92 50.82 5.05 49.11 79.39 3.76 73.27 84.90 40.33 23.15 29.01 11.82 9.44 26.72 72.20 53.19 94.14 7.68 5.57 92.49 57.30 38.35 75.85 29.60 5.60 95.39 94.25 27.07 94.84 27.70 43.10 94.22 79.59 45.96 1.15 7.44 20.96 32.62 28.82 26.90 9.06 69.15 63.75 46.18 46.59 4.21 43.49 95.66 90.26 64.32 11.12 99.96 
47.89 13.32 72.87 54.16 1.74 32.69 81.20 7.59 59.14 36.55 16.95 41.22 7.71 71.80 14.83 80.39 96.90 61.49 90.51 36.88 60.84 59.38 47.76 30.37 29.50 33.82 
0 
0 
46 18 3 3
54.51 6.37 80.73 17.88 10.07 50.35 11.59 22.66 51.86 3.30 2.44 34.43 11.54 41.38 1.86 34.24 60.54 33.06 16.37 77.04 43.67 5.94 20.21 25.10 97.19 75.56 70.69 61.59 85.54 73.50 18.20 45.87 14.86 85.87 60.45 33.41 28.70 93.84 92.45 46.28 29.11 90.93 21.47 86.22 47.70 52.76 97.88 47.15 49.49 72.48 56.71 42.24 4.47 95.59 54.00 59.22 86.15 52.68 68.28 33.96 20.05 42.76 93.35 59.84 65.98 31.73 85.95 83.59 15.89 88.68 12.64 66.81 90.43 45.40 27.57 68.44 11.89 43.68 96.18 76.03 13.83 41.36 28.98 98.49 22.72 47.73 54.70 50.55 17.98 89.59 30.33 71.02 
92.38 43.05 15.17 37.07 74.54 72.44 34.34 59.67 1.84 77.51 69.69 38.51 12.26 77.58 3.40 41.98 95.23 51.32 
1 1 1 
0 1 0 
98 77 4 2
43.37 30.74 95.54 62.23 93.24 63.28 23.93 6.03 1.39 86.69 70.50 75.74 78.02 17.01 36.88 55.28 3.51 96.82 35.82 72.59 25.50 71.80 29.96 15.87 91.08 3.02 95.38 21.25 53.58 97.68 45.64 9.14 76.19 58.18 8.86 15.09 15.38 23.35 38.88 88.54 5.65 57.17 27.80 5.72 99.94 61.88 82.50 11.96 91.43 23.20 91.77 16.19 68.18 52.29 97.04 65.61 10.56 77.67 90.75 28.52 58.88 63.12 90.63 18.01 76.15 18.30 63.03 51.73 83.33 72.46 38.69 38.84 73.92 46.02 15.34 10.42 4.87 29.00 42.38 17.87 97.56 46.87 66.01 9.50 42.44 39.15 44.03 79.16 18.67 8.08 53.33 70.66 79.92 54.12 85.23 62.28 93.11 13.90 52.42 44.64 47.79 39.76 39.00 23.24 82.10 73.93 2.31 32.46 5.51 52.38 49.38 71.32 33.35 60.99 35.09 89.14 62.58 64.74 65.42 60.14 50.99 60.82 55.09 87.51 4.12 5.28 49.26 72.47 71.24 74.12 11.77 50.23 95.58 3.01 86.85 88.71 90.96 16.70 57.64 95.03 11.81 63.61 50.60 26.08 34.50 96.79 5.24 53.93 87.60 10.82 71.78 72.93 52.62 89.77 96.28 39.76 3.45 57.08 36.61 79.61 92.32 14.89 71.32 90.38 44.24 16.04 7.51 59.00 75.85 90.63 87.48 15.45 93.96 45.35 30.56 13.40 72.16 47.96 27.35 1.42 68.63 90.85 92.44 2.56 66.82 83.46 3.81 80.39 69.25 79.10 24.44 6.11 49.87 17.19 39.54 57.85 
84.59 31.59 82.35 47.27 83.38 82.61 21.35 87.25 29.50 44.17 43.09 17.22 41.75 68.33 61.61 52.45 87.59 23.77 10.76 49.48 31.25 12.65 97.65 4.68 68.65 38.61 92.80 31.10 98.61 81.27 33.19 99.66 14.45 12.12 20.80 41.05 2.14 63.00 77.60 97.78 6.54 1.41 92.40 7.71 80.17 62.86 11.85 92.09 44.34 31.28 3.38 24.90 46.12 87.24 44.80 71.37 18.69 43.96 56.17 61.44 4.57 83.81 36.65 35.34 28.78 54.81 48.87 2.02 87.66 43.78 29.02 28.59 28.12 34.88 83.61 90.94 85.92 
3 1 3 2 
1 1 
17 59 3 2
79.35 15.21 90.53 84.05 82.70 34.39 81.33 32.07 43.39 29.01 94.17 21.82 31.97 70.75 33.13 95.62 8.61 44.91 71.03 81.20 54.08 83.61 65.07 60.02 72.59 23.04 58.18 93.72 50.52 90.58 22.96 89.99 89.55 37.53 
19.87 97.74 28.09 20.92 45.85 33.94 49.28 33.37 11.87 28.98 50.49 50.45 14.01 91.87 65.19 1.66 53.64 62.35 41.26 68.38 22.45 45.97 27.71 81.36 66.68 25.23 47.46 41.27 65.84 88.96 23.84 52.46 89.88 26.30 28.19 17.73 98.85 6.16 79.53 91.54 85.36 36.84 19.15 52.28 48.62 19.61 41.61 23.52 52.47 21.69 98.78 15.43 2.32 14.81 22.56 82.12 41.63 53.86 50.98 
0 0 0 
0 0 
80 54 2 4
8.61 80.99 69.98 30.50 17.43 84.11 17.32 89.06 74.77 53.38 37.14 96.66 95.77 63.29 85.26 53.25 17.82 80.72 39.74 69.81 98.99 19.51 65.72 24.89 17.95 17.99 17.53 1.81 91.08 10.38 14.75 56.31 52.66 49.55 98.77 91.32 78.20 79.31 98.12 23.82 26.06 49.21 22.34 87.88 83.53 95.97 27.87 37.64 26.78 43.38 28.19 34.90 86.46 71.92 77.25 81.15 93.15 82.34 76.39 68.99 9.10 60.90 51.63 73.98 76.92 27.32 21.83 86.52 56.65 64.88 42.86 93.44 23.50 82.96 30.14 14.04 60.24 94.70 86.99 18.11 26.58 58.39 50.53 58.13 59.25 64.10 28.39 60.66 24.68 17.92 56.54 37.75 29.10 12.31 26.74 18.31 31.84 57.14 18.87 95.18 51.15 86.47 89.34 44.32 32.59 33.94 83.97 57.06 68.16 36.83 5.79 26.57 82.92 9.64 70.74 88.23 76.45 81.16 96.94 30.09 94.88 2.39 95.84 58.30 46.66 69.90 46.60 28.01 93.94 55.42 4.29 16.14 77.86 46.28 39.58 41.41 80.39 63.77 59.32 33.81 27.33 72.98 38.97 51.02 36.32 15.80 23.81 82.44 61.21 93.36 89.53 58.59 50.98 43.30 27.67 33.35 32.00 25.29 4.98 7.66 
29.60 32.06 81.62 94.51 40.59 7.02 97.82 46.41 22.80 28.51 62.28 78.03 43.97 9.99 17.30 13.74 71.28 19.92 29.56 94.00 16.09 80.17 73.08 1.47 85.66 29.51 51.51 13.54 75.33 67.30 50.46 43.08 31.89 11.82 99.94 2.33 17.48 91.94 59.80 15.57 36.82 26.73 55.49 27.45 83.93 91.41 87.14 59.19 65.14 3.07 52.43 1.63 61.35 68.33 
0 1 
1 0 2 3 
79 36 3 2
64.78 85.02 16.40 88.35 38.97 3.21 79.47 36.59 55.93 98.84 60.25 51.26 26.34 59.32 5.54 73.28 25.61 7.59 52.76 34.94 21.97 72.82 66.58 72.87 71.16 72.85 95.93 41.27 7.86 21.77 33.82 98.01 57.46 44.27 13.17 50.90 1.52 85.35 86.64 4.06 98.42 5.24 4.54 22.80 7.91 36.67 94.06 57.84 18.21 56.92 79.91 68.79 46.50 24.82 10.27 3.75 38.57 87.81 27.73 27.04 37.20 45.94 84.95 70.40 13.50 9.84 18.71 58.88 46.79 80.53 10.36 10.80 2.26 74.62 87.65 57.53 36.15 27.95 12.58 15.85 46.30 17.20 28.11 37.68 55.30 79.04 88.14 39.53 10.76 56.68 71.86 36.90 76.27 14.37 47.24 39.11 78.45 75.37 76.22 64.40 64.10 98.29 79.07 94.33 34.53 55.31 16.51 63.50 20.55 27.01 94.91 87.23 58.47 24.59 51.64 76.98 56.40 36.40 89.25 35.19 22.70 67.46 39.23 37.15 78.30 83.03 21.87 16.38 64.28 86.41 84.87 13.12 86.65 65.78 25.70 37.55 72.36 18.64 71.46 89.84 26.93 21.13 87.00 21.00 16.29 46.51 99.74 67.79 42.45 41.78 52.02 13.08 93.77 69.01 33.43 88.45 21.36 89.24 
34.10 58.69 19.30 17.22 66.83 66.76 52.52 26.89 41.23 66.68 66.16 75.83 23.50 76.78 75.26 89.75 50.03 37.41 37.83 26.78 66.98 61.24 19.04 96.72 79.76 94.68 48.06 31.72 77.41 52.62 93.07 64.84 75.24 27.91 29.79 30.82 
2 0 1 
1 0 
19 72 4 3
19.30 61.23 64.43 88.45 79.67 81.67 15.18 82.51 67.42 78.01 91.82 1.42 56.62 78.29 86.77 80.52 66.17 56.05 27.06 64.95 42.27 55.39 19.14 67.63 19.77 38.62 47.74 65.59 19.65 23.73 75.48 50.56 24.74 70.13 48.16 29.83 12.71 14.04 
13.04 79.92 66.62 88.41 49.54 4.66 46.76 62.46 24.12 91.94 69.03 29.99 58.90 68.93 81.53 88.38 89.50 70.98 66.01 73.39 15.92 42.77 18.48 19.16 6.38 81.12 89.82 17.97 27.38 94.88 45.70 9.67 5.73 93.74 9.98 36.37 82.50 11.88 60.55 71.05 35.36 24.52 97.69 25.25 5.64 14.35 35.26 11.61 81.44 91.13 14.74 63.61 96.71 90.14 18.42 70.66 41.15 19.38 41.93 17.34 92.84 48.07 35.76 98.80 59.09 6.50 70.70 16.96 49.91 44.98 79.29 13.65 
1 0 0 0 
1 0 0 
18 50 4 2
76.65 2.64 27.81 29.51 25.28 55.09 64.81 99.69 17.08 56.30 61.74 63.93 71.84 71.65 60.48 48.87 33.27 48.95 55.75 89.49 34.28 66.75 90.44 29.57 39.28 96.19 49.32 13.42 4.68 54.22 67.46 18.80 46.31 2.32 9.38 67.82 
46.88 56.51 94.44 5.02 26.91 94.00 76.23 62.47 34.33 74.12 69.33 43.02 65.00 25.36 73.11 27.00 76.53 51.85 83.63 75.23 18.01 71.40 58.28 49.19 9.63 66.23 50.64 90.65 12.97 38.00 98.04 47.11 51.38 22.17 32.55 35.04 37.39 61.37 64.22 36.99 63.53 43.43 90.09 68.02 90.72 73.64 4.98 63.07 46.08 8.46 
1 1 3 2 
0 1 
64 20 3 3
96.13 74.44 61.30 52.75 95.82 95.29 26.61 92.23 33.22 53.70 43.67 55.71 33.48 3.68 50.76 69.63 57.34 79.30 90.19 16.12 92.85 73.40 9.17 50.28 70.31 59.14 59.82 74.23 90.17 17.55 70.73 58.66 7.30 94.87 24.07 69.83 4.24 45.62 63.69 38.43 18.14 83.85 8.59 41.83 16.33 26.60 29.55 85.97 95.97 58.35 14.35 5.62 5.32 23.66 52.75 5.29 66.25 12.53 99.22 42.08 17.49 72.42 50.43 22.41 81.82 71.38 28.29 73.53 87.02 69.40 32.91 66.97 12.67 98.74 6.26 13.88 85.36 67.96 83.74 3.70 4.72 44.03 69.90 14.96 4.86 17.06 25.49 53.02 51.46 75.37 99.18 60.73 18.27 81.46 49.38 70.90 11.58 66.17 54.73 66.73 76.19 34.25 47.78 45.78 44.76 7.35 73.69 83.08 17.40 97.91 65.99 37.08 77.18 70.84 81.04 25.88 3.83 91.17 57.81 81.74 1.75 64.97 83.13 69.83 27.38 99.49 24.85 25.72 
6.96 64.29 75.67 11.82 69.52 97.72 98.54 88.85 30.84 24.36 54.57 99.35 47.32 76.11 69.04 96.36 95.83 43.27 1.15 3.17 
0 2 2 
1 2 1 
71 45 1 2
76.69 73.88 66.63 85.20 16.18 60.81 50.08 82.59 57.57 36.02 35.44 36.16 78.98 84.36 90.22 67.74 82.54 17.80 76.19 74.18 23.80 26.95 96.84 55.59 89.72 22.07 15.96 53.34 92.73 97.80 82.65 46.91 30.83 83.67 99.86 44.66 21.84 14.61 27.10 71.46 20.86 28.14 19.26 93.34 52.02 43.87 96.37 37.22 32.07 71.17 3.24 60.42 76.45 34.20 37.21 12.38 35.86 34.79 32.53 53.48 19.09 72.30 53.28 70.89 36.17 29.99 90.41 94.90 8.81 79.37 51.79 45.67 56.65 35.25 34.14 76.72 28.01 47.04 14.43 52.62 69.48 82.26 71.03 86.11 25.98 62.37 14.18 1.20 76.87 12.72 76.22 22.05 27.25 88.21 8.17 93.16 85.44 72.05 72.73 22.75 86.68 84.05 56.79 79.53 35.96 66.46 61.34 79.81 67.10 87.34 59.89 20.32 72.43 81.51 85.43 12.23 31.69 97.68 6.50 69.15 74.13 43.36 54.78 7.71 88.41 27.37 76.63 96.97 72.32 81.16 64.98 82.95 33.25 6.43 56.93 92.56 29.78 11.35 92.93 6.83 55.05 67.86 
42.26 72.05 26.37 90.82 62.90 55.96 70.22 86.73 96.65 41.30 71.86 63.10 65.22 40.36 67.43 97.23 56.83 92.47 64.06 4.88 50.65 17.31 38.26 90.28 60.11 27.94 29.03 2.64 6.99 63.92 79.96 25.96 3.34 65.60 93.00 70.10 4.58 64.12 5.05 61.10 34.45 86.31 97.26 64.20 54.66 
0 
1 0 
34 36 3 2
77.36 71.91 22.50 44.17 61.58 71.94 33.75 3.05 47.26 3.14 89.52 67.00 3.92 80.49 61.75 46.80 62.22 85.67 21.15 21.51 9.16 2.05 30.24 16.50 80.58 19.14 44.81 28.81 11.41 28.11 92.08 1.72 2.56 9.03 2.20 80.85 92.44 45.09 87.52 1.44 12.16 8.58 85.76 88.35 56.88 91.24 39.45 48.32 69.17 39.12 14.22 49.29 84.43 70.56 15.20 33.66 59.87 6.66 18.21 73.82 69.42 74.78 15.89 20.87 60.79 31.50 2.62 26.19 
75.80 15.60 82.70 42.36 36.00 72.22 48.12 92.35 89.41 10.83 93.31 10.10 13.78 19.21 80.56 6.80 44.41 21.62 17.08 38.00 60.29 32.65 74.62 53.34 42.94 10.98 57.77 7.02 84.47 31.62 51.08 91.82 87.05 30.56 26.47 84.23 
2 2 1 
1 0 
15 41 3 1
6.39 11.15 60.21 47.31 54.35 61.51 80.19 55.35 76.49 78.29 39.25 72.34 49.62 90.50 48.25 2.06 60.65 32.14 45.16 46.39 45.51 63.36 25.69 83.42 75.61 21.53 68.81 34.91 22.76 45.53 
75.57 55.51 30.88 64.49 73.41 17.99 90.57 37.22 73.59 30.49 19.78 96.05 81.84 25.30 22.29 29.98 19.08 78.51 82.46 28.05 56.53 92.07 22.00 72.03 21.46 98.39 59.79 40.09 30.57 64.52 29.25 30.76 22.08 90.25 99.43 41.26 48.64 42.28 58.83 75.96 25.82 
1 2 1 
0 
98 72 1 1
79.96 66.42 34.57 84.21 91.37 31.95 55.39 9.16 35.38 2.95 5.37 9.45 65.53 99.50 62.51 88.92 61.64 32.47 5.12 94.42 28.49 61.16 42.97 18.70 69.41 34.76 25.05 84.56 26.24 9.71 58.53 3.18 60.80 45.09 38.86 92.55 37.22 72.63 59.76 66.46 21.87 51.71 24.95 98.58 15.23 9.80 69.91 64.84 9.36 27.32 58.46 34.28 40.11 67.77 8.82 96.32 17.42 67.88 65.03 82.31 75.44 6.50 48.04 60.21 26.91 42.17 41.11 56.81 45.09 70.24 37.47 16.28 70.61 61.12 85.34 21.38 74.31 75.98 33.23 47.63 73.47 31.63 6.20 68.96 73.04 44.56 21.65 38.97 43.58 49.51 78.05 83.97 41.29 82.51 27.45 5.11 26.60 44.83 87.10 34.71 26.85 19.14 37.55 44.86 52.83 87.64 71.18 81.56 75.86 21.37 87.21 10.52 34.14 14.96 43.19 9.68 46.67 67.47 88.12 96.79 87.42 34.47 72.49 93.34 73.35 46.62 92.01 13.78 4.26 25.35 43.94 78.87 14.63 97.91 24.73 76.26 76.16 33.07 23.00 26.87 11.08 35.25 29.74 42.61 64.21 25.26 2.32 47.41 40.87 95.44 10.75 74.92 57.31 68.81 7.70 45.18 52.44 24.05 56.70 99.22 57.26 34.86 81.21 22.66 98.96 73.13 91.40 6.88 5.22 41.49 80.00 29.19 23.23 83.87 84.63 94.56 8.47 96.95 46.11 56.13 48.58 79.56 8.31 75.29 56.45 5.01 46.19 5.65 91.91 76.70 33.27 67.57 24.56 24.77 87.91 82.88 
89.41 32.17 87.69 47.56 28.01 89.68 27.31 33.77 36.75 57.41 37.09 64.57 10.19 95.35 30.04 4.52 4.63 5.91 16.01 16.28 86.68 46.78 82.00 92.81 72.63 44.40 67.32 74.42 1.19 93.46 81.08 99.51 78.92 65.16 96.73 23.81 91.22 89.22 25.57 43.00 10.71 23.68 27.22 3.91 17.99 8.93 3.43 6.70 68.13 82.23 14.19 83.05 55.77 51.41 49.90 1.90 66.50 4.29 70.49 22.24 14.35 34.39 76.44 76.94 44.22 41.76 59.28 16.24 99.75 88.28 98.87 37.13 
0 
0 
55 4 1 1
80.49 91.61 78.43 96.19 50.30 17.74 68.69 31.14 73.76 18.21 74.80 58.96 48.48 78.79 5.84 99.88 36.82 37.93 84.80 82.35 52.08 15.72 20.65 39.29 97.10 20.73 35.53 43.48 16.95 73.16 86.92 62.29 25.38 13.10 22.84 32.11 31.19 6.17 82.22 82.72 16.60 1.37 82.19 78.42 51.95 27.59 86.44 50.63 39.36 67.91 76.60 62.52 22.38 7.74 62.71 64.27 96.23 80.69 20.75 41.51 50.45 39.07 44.34 11.93 99.20 61.15 96.01 66.12 59.11 58.23 94.79 6.01 68.91 24.28 31.90 69.14 25.10 4.77 25.72 25.89 5.45 89.41 29.34 36.24 67.26 40.40 70.70 81.62 89.95 2.16 79.66 1.80 66.21 80.60 74.00 57.42 20.16 4.48 3.26 30.90 6.74 92.83 25.69 2.51 69.78 64.71 81.33 76.65 81.31 66.78 
94.48 83.77 78.50 48.58 
0 
0 
14 60 1 3
71.44 32.92 84.23 9.36 67.54 96.41 45.72 55.00 46.70 77.67 9.55 62.48 79.54 79.80 78.64 96.32 91.09 55.47 82.71 1.91 94.85 89.05 36.34 86.27 51.60 28.28 40.64 75.21 
65.57 5.97 11.57 79.95 2.64 53.86 50.99 68.72 9.34 91.45 42.24 42.32 82.07 4.33 83.45 47.47 80.95 95.03 18.29 48.23 54.38 25.89 34.52 25.13 16.81 23.39 73.01 99.63 52.43 4.15 20.56 29.48 91.95 40.39 78.90 73.97 47.33 88.92 42.11 27.75 39.41 43.53 49.77 64.78 89.29 63.84 51.77 81.85 52.20 43.08 27.20 16.44 90.46 61.02 25.54 58.58 5.80 33.93 25.62 47.06 
0 
1 2 1 
78 44 4 1
80.51 9.62 45.55 99.84 26.77 72.32 25.43 12.91 64.70 77.50 10.36 97.45 64.61 39.19 86.26 99.12 66.67 91.38 47.86 65.27 45.74 17.21 80.13 89.85 26.12 59.80 28.11 8.40 98.45 96.10 34.75 31.44 60.26 21.75 64.88 39.39 9.78 40.33 78.87 43.30 32.42 26.76 37.24 17.31 20.38 64.75 99.97 66.73 55.82 37.91 95.18 28.79 42.61 31.42 5.73 20.93 33.30 27.32 58.14 56.09 68.10 22.36 94.40 11.21 21.58 63.45 95.32 73.38 1.55 21.11 74.36 60.44 65.41 16.24 52.20 54.76 53.69 24.41 49.72 48.06 52.65 15.82 59.63 95.65 78.68 49.14 81.59 70.38 67.08 53.48 37.37 81.71 28.28 19.51 8.40 74.89 57.56 9.01 84.98 47.28 56.61 39.16 45.42 21.76 42.91 27.57 15.45 14.10 22.28 92.53 35.37 68.85 17.41 5.90 73.91 6.71 40.34 26.70 97.73 3.89 33.96 41.31 57.44 74.90 98.26 95.65 4.19 43.62 75.32 58.85 16.68 79.03 41.75 96.57 77.30 95.02 41.82 24.59 2.73 9.06 73.38 3.65 98.30 44.02 10.60 98.95 10.77 48.77 50.17 79.47 60.67 97.22 55.20 9.48 9.24 17.31 
96.58 41.07 23.42 4.60 84.22 85.34 56.14 9.43 95.43 69.22 61.32 5.81 72.84 32.00 30.52 72.26 91.31 41.77 24.31 37.68 71.27 41.44 66.38 39.53 38.64 35.62 95.35 33.94 91.30 4.29 91.96 83.53 68.14 13.90 31.01 71.28 40.25 16.46 67.32 19.25 95.89 41.64 86.29 34.11 
1 2 2 1 
0 
71 32 2 2
94.06 5.21 86.42 6.29 45.90 93.84 84.82 59.09 69.07 37.99 28.83 49.31 98.71 91.02 67.28 53.13 6.19 8.13 79.58 30.82 32.63 32.47 63.04 67.69 63.76 13.36 31.20 93.18 86.15 74.02 41.73 28.05 38.52 90.32 95.39 99.73 65.83 91.40 98.67 19.98 18.73 43.81 78.17 83.75 14.49 83.67 79.15 95.46 9.03 28.94 48.60 87.40 76.30 34.29 21.25 69.39 97.41 68.94 92.86 79.13 3.12 48.44 60.94 57.94 86.45 82.37 37.47 69.24 58.24 26.10 52.02 58.81 10.92 37.91 50.04 72.75 49.20 36.00 69.11 66.69 18.33 77.69 80.58 88.55 77.46 6.46 16.85 63.62 94.01 79.28 91.41 90.67 83.19 46.74 57.95 40.97 37.83 31.51 78.33 52.09 40.16 64.30 33.71 36.42 25.60 50.78 98.23 46.35 7.80 41.31 35.19 94.96 33.79 76.65 48.66 1.98 63.79 81.12 51.22 87.91 94.20 3.74 57.91 95.50 66.70 53.59 9.82 41.50 3.49 41.22 92.44 21.37 14.61 78.55 69.74 67.39 8.93 27.59 86.07 55.42 8.71 42.66 
98.13 3.61 9.03 84.51 48.50 28.12 66.35 40.97 12.47 9.15 9.61 67.16 38.91 55.71 54.89 62.28 23.05 32.85 65.11 66.47 50.30 10.96 3.82 61.94 32.57 24.86 42.23 89.99 60.67 15.72 23.31 6.15 
0 1 
1 0 
28 16 3 4
65.77 3.53 86.25 83.84 14.79 80.25 58.41 78.68 19.62 46.08 88.24 98.11 73.09 13.14 46.00 25.94 85.67 20.92 26.59 73.10 12.49 20.80 30.69 99.38 70.48 20.12 32.64 69.12 51.87 54.64 49.71 90.05 9.10 19.99 35.24 54.60 74.64 16.99 12.49 91.77 33.51 80.83 65.47 84.89 82.07 7.16 81.59 7.44 13.64 16.23 5.05 5.86 16.40 19.29 35.78 13.56 
11.38 33.89 2.37 38.97 89.28 51.78 80.05 16.51 37.61 62.79 12.78 4.20 92.19 29.42 94.10 43.85 
1 0 0 
1 2 1 3 
52 68 4 3
98.41 85.26 78.16 64.81 64.87 87.06 51.50 77.45 54.12 44.28 45.25 54.08 35.07 72.09 97.94 65.07 71.33 20.09 20.25 34.12 12.59 49.64 11.56 48.24 87.69 41.00 73.35 15.87 91.86 55.57 96.95 8.56 88.06 28.26 72.09 82.70 31.71 21.12 9.11 25.81 71.31 58.26 10.06 58.05 49.62 90.69 86.35 74.76 89.57 67.05 70.18 14.02 36.55 86.90 26.58 49.09 82.07 96.08 51.81 3.18 94.93 25.83 92.44 89.92 42.17 24.43 92.57 93.80 79.61 46.29 56.66 34.71 91.03 34.77 86.43 31.34 4.81 22.66 33.59 93.47 56.21 15.96 75.60 51.76 36.54 46.66 41.66 33.50 58.97 89.89 57.22 41.06 2.82 17.96 17.27 19.26 75.19 20.10 46.80 2.07 61.80 73.49 45.43 41.86 
83.84 58.46 39.52 28.42 82.06 75.74 78.17 38.77 85.99 12.44 75.50 11.54 7.72 37.46 43.58 62.68 3.82 27.34 93.50 86.34 42.05 81.21 27.08 44.36 71.39 12.86 38.35 35.95 75.67 53.93 86.84 41.09 71.84 40.61 29.65 7.49 92.29 4.32 36.52 10.48 61.43 56.92 72.01 31.85 30.87 70.93 92.06 73.19 99.65 2.45 61.84 78.44 79.50 88.15 63.41 42.99 85.69 31.10 83.46 71.33 88.09 50.44 16.89 88.75 34.00 50.65 21.92 10.98 
1 3 0 0 
0 2 2 
91 75 2 3
10.14 19.67 73.69 94.85 17.41 8.74 91.98 48.00 7.76 61.97 90.45 33.12 91.04 68.40 46.03 45.05 10.88 69.69 9.59 23.38 37.68 21.00 90.16 59.07 93.44 21.99 2.68 71.32 23.74 55.06 7.52 85.53 41.89 51.85 85.51 74.68 58.46 62.38 64.29 9.83 76.32 86.57 41.92 64.07 85.46 42.81 20.65 4.67 3.49 15.70 67.07 48.19 57.08 39.79 31.56 70.44 82.99 7.94 96.27 56.47 67.64 81.88 79.48 66.24 81.59 29.10 67.50 6.63 52.54 36.33 50.79 20.06 44.60 13.99 24.20 39.54 70.07 97.51 18.66 36.29 1.85 91.00 79.00 8.42 29.09 83.71 22.66 34.65 8.48 84.68 85.53 2.30 27.99 96.51 46.23 74.02 64.72 21.44 78.30 46.23 19.72 72.89 27.00 59.92 77.41 22.46 90.50 16.68 17.65 41.70 56.34 34.55 50.80 71.17 63.05 43.14 2.71 50.16 58.82 95.66 25.98 69.04 88.32 8.80 3.87 37.58 48.38 4.76 6.02 23.51 68.42 54.93 57.04 57.34 4.40 55.15 29.50 39.17 70.78 58.18 69.00 84.91 18.99 43.07 85.19 5.84 15.59 35.04 33.82 60.50 6.12 40.96 80.01 89.77 27.35 86.22 83.92 47.48 69.51 63.30 97.39 90.34 35.40 3.54 80.68 16.76 77.35 96.89 19.92 6.04 5.35 72.67 58.46 78.77 85.28 11.36 89.67 20.36 29.81 75.84 88.15 29.66 
37.05 90.00 67.15 62.15 77.90 32.01 9.08 39.17 2.92 80.23 82.34 4.26 21.25 39.79 95.40 22.29 30.43 47.19 4.25 26.56 32.05 62.23 78.58 98.11 62.13 98.81 96.90 14.89 17.79 96.29 73.99 82.95 21.19 56.31 99.57 81.19 95.32 98.77 63.70 77.03 72.83 87.53 76.45 62.21 85.85 35.89 48.15 62.47 78.45 79.34 3.47 77.67 77.63 22.56 70.79 8.62 68.19 60.42 23.47 59.93 33.58 4.04 78.82 92.25 18.49 50.65 58.10 53.02 9.55 41.53 4.16 70.85 17.78 15.09 64.03 
1 0 
2 2 1 
33 54 4 4
40.01 47.18 31.01 67.49 19.78 35.49 24.91 26.14 78.62 14.05 9.67 27.08 40.10 95.66 37.29 91.23 72.26 7.70 21.73 94.45 16.50 13.31 93.91 86.49 40.22 78.57 23.48 85.29 58.97 73.28 32.47 79.16 28.96 54.76 82.34 66.72 71.92 58.01 43.51 55.29 45.78 33.62 47.12 31.95 41.88 63.72 59.08 18.33 36.22 32.92 9.33 23.95 33.42 98.80 20.52 14.15 32.42 82.66 55.24 15.38 32.89 55.05 33.01 95.00 30.31 83.61 
2.70 45.37 17.07 49.03 16.69 90.43 5.50 2.05 28.40 4.70 46.31 16.25 39.50 30.48 5.77 89.60 17.48 10.84 65.16 91.51 6.59 39.65 97.37 45.16 20.70 98.86 39.17 31.37 91.36 79.96 16.20 27.12 4.10 35.61 14.15 32.81 5.44 85.69 89.01 81.67 82.51 10.18 9.23 43.73 68.46 2.24 36.72 40.96 68.63 90.40 9.39 16.36 38.12 32.04 
2 3 2 3 
2 2 1 1 
78 18 4 1
67.12 63.69 82.40 50.98 33.44 53.63 75.08 78.25 16.59 4.29 78.27 42.29 32.63 84.65 27.11 99.33 61.85 23.22 27.38 89.34 43.52 34.95 89.91 4.88 8.55 15.43 69.70 53.43 29.82 4.93 30.53 59.57 91.21 59.09 70.09 56.32 78.33 27.59 55.66 31.75 75.49 30.74 74.91 94.14 24.48 42.61 16.64 25.91 15.78 56.00 76.06 4.89 23.47 28.64 61.33 4.61 66.94 1.69 1.61 80.93 72.00 95.99 1.49 85.49 40.15 2.23 85.07 68.33 74.20 70.05 35.10 60.57 12.26 77.74 7.95 61.70 90.19 1.22 42.59 75.08 55.14 94.19 86.19 96.12 34.46 92.00 46.93 71.50 47.76 53.60 73.56 14.24 95.92 41.67 96.18 84.39 63.21 33.93 90.16 23.48 8.41 11.62 29.83 31.48 65.75 14.34 90.65 7.18 76.99 93.32 11.03 46.92 53.60 43.99 53.68 33.95 59.13 36.45 58.56 51.63 26.13 49.44 29.84 79.64 43.94 29.69 5.23 52.24 69.63 85.28 2.04 69.64 71.80 84.23 46.93 12.01 88.81 75.72 32.05 87.41 14.10 49.87 91.53 42.82 22.71 99.24 3.72 25.56 69.02 41.47 2.48 8.93 22.68 16.32 80.08 59.79 
95.12 69.72 88.11 60.72 66.17 72.20 19.07 37.74 40.75 27.30 91.59 62.38 20.12 26.79 11.43 61.37 25.34 37.65 
2 3 2 0 
0 
41 97 2 3
29.59 59.08 29.04 43.67 56.53 59.16 25.44 33.46 90.83 44.12 75.88 33.62 5.50 89.01 66.97 11.26 6.39 12.88 75.84 54.09 45.55 80.81 97.72 61.34 65.29 83.32 12.31 3.36 60.13 61.49 95.26 71.90 51.78 93.43 93.08 14.55 55.80 1.54 32.28 27.07 69.37 7.53 13.08 84.65 25.52 55.43 35.52 31.17 36.29 27.77 65.62 6.42 6.56 51.99 21.15 72.14 88.23 26.16 32.67 90.78 56.54 89.81 46.28 73.70 89.45 15.95 26.50 24.08 93.72 58.37 66.52 18.50 42.58 40.27 54.75 60.36 67.70 88.66 91.74 48.29 43.88 58.26 
67.08 17.60 72.08 6.29 47.66 1.45 41.72 8.18 5.38 4.23 1.49 7.51 91.20 56.30 84.14 65.54 6.84 27.72 77.40 30.57 67.40 55.31 97.81 35.06 93.57 54.29 88.04 43.96 68.19 28.65 42.49 49.16 45.16 52.46 72.17 12.13 57.14 39.99 43.66 2.18 70.61 2.51 95.20 25.34 34.11 18.70 2.97 44.34 66.76 78.39 14.21 89.83 45.86 29.24 63.90 38.72 37.63 52.36 30.36 70.65 55.14 40.30 70.77 69.78 16.78 67.03 80.04 7.30 3.01 63.85 44.56 57.87 37.54 92.65 1.81 56.71 27.48 73.24 61.18 23.99 27.87 65.64 65.01 36.36 34.54 25.83 21.30 98.57 26.05 55.98 84.57 49.74 20.44 42.88 23.73 86.05 49.54 
0 1 
2 0 0 
92 56 1 1
32.76 98.98 5.65 62.75 17.74 66.08 87.73 60.09 47.56 64.54 83.45 19.38 28.81 26.77 78.03 47.10 15.74 90.05 81.77 78.80 85.11 12.06 55.88 95.72 91.47 11.22 54.47 31.50 9.12 59.99 69.05 49.94 15.55 10.36 87.65 62.55 26.53 19.09 1.85 99.78 65.41 58.86 74.74 56.77 94.27 38.78 78.18 85.94 58.33 95.78 6.20 19.79 77.21 94.49 49.12 53.71 24.89 70.69 90.22 56.42 46.88 63.97 57.38 14.64 56.49 92.19 45.93 54.99 99.22 14.80 57.13 67.23 23.17 57.81 4.39 43.37 4.46 90.90 39.05 72.68 81.26 46.31 32.12 29.12 16.45 4.65 67.56 86.45 43.61 6.47 68.94 41.84 35.99 46.94 53.56 98.05 66.28 72.91 17.48 31.53 89.19 8.23 2.32 32.52 81.03 92.57 43.57 93.82 57.76 51.42 16.10 1.41 80.97 38.87 82.44 32.25 87.72 78.09 48.78 24.14 25.31 45.66 45.31 64.79 59.06 94.54 28.59 49.18 34.89 5.57 67.92 51.53 87.33 49.56 98.64 40.44 90.01 88.14 68.00 90.20 93.02 16.82 56.95 17.67 50.84 93.17 81.83 4.74 63.44 35.51 72.05 63.88 53.27 33.94 3.27 29.33 82.29 36.44 23.41 40.03 71.06 14.23 46.95 64.44 19.19 8.78 87.37 59.50 33.67 61.45 14.61 54.88 82.92 92.16 66.16 27.20 33.06 9.18 22.58 4.91 2.02 6.85 31.23 38.08 
42.51 57.94 42.05 50.47 46.83 56.45 15.01 32.87 27.63 12.13 90.31 61.17 40.22 62.63 44.16 76.98 14.26 30.73 20.66 93.67 15.93 90.80 14.92 77.19 10.73 54.85 44.59 76.88 98.79 3.48 2.43 96.70 71.71 62.04 89.62 96.76 32.47 9.26 98.29 68.13 45.34 6.59 26.09 14.78 2.76 70.30 24.85 3.32 23.76 55.23 49.35 16.42 98.54 16.16 72.35 49.69 
0 
0 
37 37 4 2
14.82 53.78 64.52 81.66 9.78 81.57 90.02 33.03 25.57 70.82 1.54 69.35 37.11 27.63 50.89 94.70 13.79 8.28 6.62 10.17 31.08 78.69 12.12 36.26 18.21 14.99 21.89 2.04 29.95 21.80 49.51 30.45 6.54 30.93 41.73 99.57 25.93 70.34 73.17 95.98 35.95 39.66 24.36 52.03 1.01 33.29 89.03 95.17 80.84 36.44 50.07 45.71 35.67 85.97 26.66 75.49 97.69 24.61 15.19 46.85 82.41 2.43 18.65 48.88 30.26 81.15 56.18 19.80 10.92 70.38 61.49 10.57 77.38 61.55 
12.46 20.09 86.19 48.21 74.02 86.66 77.26 17.00 56.29 94.59 59.38 36.06 91.34 31.39 98.76 12.49 97.41 22.36 66.65 44.62 90.49 60.42 72.67 68.53 52.26 73.33 8.84 59.41 90.78 30.80 94.33 94.62 62.12 33.44 3.67 67.50 6.00 
3 1 3 1 
1 1 
89 90 3 1
7.61 35.52 59.86 93.84 62.26 21.99 81.49 64.07 43.85 56.01 33.95 95.31 62.27 99.12 5.39 21.73 26.22 98.21 68.30 82.59 38.63 89.32 52.37 67.06 50.33 15.97 74.47 77.06 81.09 69.63 8.56 13.16 87.15 47.69 25.18 2.30 90.09 77.48 14.02 70.14 46.89 26.25 51.81 54.82 87.06 13.85 64.81 66.72 20.10 65.99 2.34 93.78 49.25 19.58 8.85 80.88 40.60 32.16 87.27 64.07 12.25 28.97 91.87 51.48 26.43 73.53 9.18 27.09 19.64 1.42 55.09 26.28 84.82 68.33 34.98 80.85 19.28 79.86 58.26 53.75 6.05 16.47 69.81 80.42 28.29 48.27 93.39 37.60 62.55 69.84 43.41 83.87 22.67 59.32 24.32 95.97 7.68 6.06 93.26 97.97 22.14 74.07 35.76 11.67 24.02 55.04 43.76 98.60 73.65 34.40 13.61 47.84 70.08 62.27 81.42 38.45 59.66 41.28 65.64 82.12 38.88 36.48 95.68 74.56 74.04 35.28 60.90 76.03 97.65 6.38 30.93 84.67 54.35 84.01 50.34 70.10 8.65 6.45 55.83 41.53 56.68 30.06 90.52 98.21 17.99 46.95 73.84 66.64 10.48 49.97 95.51 42.89 82.74 46.77 4.87 98.97 91.90 36.13 70.28 72.71 72.86 29.65 15.22 29.79 8.66 94.63 14.09 50.01 44.70 18.04 96.22 90.43 67.51 21.56 94.82 84.42 5.05 73.47 
4.20 58.97 72.48 95.30 79.10 93.26 57.88 21.91 96.78 8.10 45.54 84.65 19.98 71.71 60.76 14.05 87.21 2.03 37.66 65.58 57.12 40.78 35.17 99.07 71.85 94.51 20.57 63.59 78.58 18.26 40.40 55.36 94.68 59.84 97.29 93.16 29.28 4.45 65.01 15.18 32.93 46.58 37.61 27.71 42.62 28.74 29.05 53.86 23.93 85.72 63.83 48.60 88.86 69.67 2.64 6.33 9.12 76.47 58.06 60.14 54.75 48.14 52.09 38.77 64.49 16.40 29.73 46.27 5.95 19.62 40.07 52.98 43.82 69.57 54.17 3.54 12.04 22.75 28.68 85.01 55.61 90.87 95.59 89.54 28.22 56.50 77.37 22.91 52.38 31.71 
2 0 2 
0 
9 38 2 1
23.28 83.71 84.84 92.99 43.40 1.15 15.90 33.58 30.09 10.73 57.68 40.31 86.72 39.23 51.35 27.19 57.45 55.79 
27.28 13.18 95.24 4.39 39.85 53.73 65.09 16.26 58.64 94.77 63.99 89.81 24.79 81.03 10.96 31.25 72.19 91.20 29.21 65.98 85.23 4.94 25.85 49.59 83.84 66.14 94.13 58.62 27.88 14.48 72.22 44.18 46.98 39.71 77.82 27.31 50.93 36.13 
0 1 
0 
85 17 1 2
39.79 95.69 53.09 18.52 64.03 57.52 24.86 25.60 24.89 84.53 81.28 42.53 68.96 6.71 59.71 29.85 64.22 47.01 30.89 68.62 32.26 6.08 2.56 75.53 96.16 42.80 19.09 49.45 82.17 33.95 17.52 37.77 96.27 67.67 77.49 35.73 41.21 38.88 75.10 56.94 25.66 85.29 49.15 35.23 94.62 87.00 1.39 16.85 44.17 6.49 82.81 10.13 56.95 4.33 57.34 36.10 12.82 29.43 86.43 11.26 85.31 78.69 76.21 53.18 7.47 95.61 91.27 77.05 68.91 53.99 63.03 76.03 26.53 13.96 36.98 44.36 97.85 10.83 36.89 18.02 70.33 47.31 87.53 37.46 82.38 19.84 89.13 47.46 12.37 97.91 37.87 49.75 83.93 33.10 71.84 26.39 93.60 9.02 59.57 28.07 72.78 18.63 38.35 4.89 24.45 59.47 9.17 12.82 30.17 70.74 8.40 99.44 50.27 59.96 91.49 10.88 50.07 55.76 31.38 88.07 34.35 38.33 52.53 95.40 22.05 60.50 60.69 70.02 62.75 81.06 40.62 62.84 84.95 64.25 68.21 97.58 60.62 90.94 62.72 81.74 96.22 52.47 60.35 78.00 92.54 47.42 36.40 30.21 49.23 32.23 78.16 80.80 74.40 94.22 86.66 95.04 29.81 29.16 90.64 21.84 24.61 1.14 68.57 81.98 10.93 70.52 11.98 96.94 27.63 47.20 
58.28 91.19 97.49 31.68 22.44 42.11 20.23 34.88 72.81 13.27 37.19 82.18 99.92 4.53 95.07 74.60 26.92 
0 
0 0 
28 72 4 2
16.00 41.90 99.49 39.45 98.31 64.45 2.71 84.74 54.27 98.14 96.50 39.79 2.36 86.31 49.00 5.35 56.16 61.31 12.02 39.57 16.94 23.62 38.61 61.10 55.77 79.64 83.96 94.57 13.01 43.99 82.12 71.69 83.84 10.71 43.65 33.23 61.48 32.30 79.79 69.12 50.89 92.34 24.65 31.30 73.77 29.95 75.74 77.06 50.16 97.68 80.89 91.57 17.02 75.77 22.98 86.86 
46.91 8.53 45.38 98.34 52.66 58.84 6.02 99.52 69.74 59.23 61.63 35.64 82.40 46.45 5.39 68.68 96.46 80.32 60.06 76.51 6.78 63.93 51.49 88.66 87.77 33.32 62.59 15.76 78.31 3.47 45.58 10.32 42.57 5.46 73.34 83.01 4.32 38.18 26.47 98.03 49.30 49.22 14.31 73.73 50.57 69.98 24.23 76.76 77.96 62.01 73.76 9.80 93.87 63.26 10.40 74.77 19.22 91.60 73.87 73.19 62.68 28.67 98.20 79.29 6.60 91.67 53.16 55.86 81.70 30.41 82.15 91.15 
2 0 1 0 
1 1 
18 93 4 4
97.32 26.68 93.69 86.38 82.72 13.14 96.15 20.53 2.66 15.43 26.74 86.24 68.28 43.26 54.24 32.75 98.54 10.98 95.43 44.43 1.59 85.50 84.83 42.02 97.40 30.40 42.22 9.52 66.74 43.71 93.31 31.31 63.82 3.21 80.80 10.18 
26.88 3.40 55.77 49.48 22.66 72.69 92.21 43.51 84.52 23.91 9.65 97.42 82.63 75.11 70.33 17.22 20.15 19.94 3.94 32.82 59.54 8.55 33.45 12.16 90.29 96.57 59.69 78.47 94.66 38.12 85.53 28.24 94.49 89.08 6.70 86.37 62.41 46.83 27.18 72.13 15.44 53.29 14.46 61.12 61.36 60.48 63.65 47.73 33.38 50.89 43.75 26.76 11.35 22.76 81.93 75.57 52.80 63.97 71.11 52.73 41.51 14.41 4.59 39.37 92.41 6.64 91.60 91.19 13.16 55.47 90.28 54.16 42.60 24.41 19.75 94.83 10.63 39.94 75.07 10.78 92.09 9.74 28.60 18.08 94.56 80.16 33.75 39.63 80.56 58.83 11.05 22.17 12.39 
0 2 3 0 
0 3 2 3 
48 80 3 2
18.14 38.47 82.53 61.80 11.56 47.28 61.99 41.38 30.48 35.35 32.83 86.21 86.07 57.30 85.09 90.44 24.68 19.52 39.27 87.97 93.30 4.67 86.83 70.18 90.66 73.86 2.23 38.38 72.62 45.59 19.97 35.12 88.19 4.67 1.30 29.97 91.29 51.17 19.68 90.89 43.27 89.24 21.81 73.41 35.00 50.12 58.35 57.27 24.53 22.04 82.51 32.76 91.41 4.19 79.13 85.04 1.00 16.69 84.20 49.30 64.37 14.79 39.27 15.07 9.85 26.92 10.82 46.39 37.80 5.38 12.27 44.67 95.85 4.19 50.24 2.05 81.33 27.78 27.32 44.14 4.68 75.57 28.78 27.37 81.31 88.17 42.59 39.11 22.49 45.16 53.24 6.83 12.79 96.66 77.34 42.96 
42.50 41.60 38.87 41.93 96.54 19.65 10.19 56.01 48.77 69.13 61.28 33.66 86.30 4.50 42.99 11.58 19.68 56.43 45.39 79.75 61.52 63.18 6.22 82.85 78.13 48.59 53.94 84.60 55.99 15.08 48.56 30.22 11.72 14.44 24.43 24.07 80.37 56.60 85.77 43.71 54.44 9.16 43.10 33.54 34.33 49.55 64.78 43.38 92.99 83.36 89.82 51.90 19.63 51.42 81.52 46.36 93.24 39.67 50.74 44.31 50.69 72.13 23.65 12.31 13.37 53.33 28.56 69.41 64.69 36.94 17.54 78.68 68.54 30.41 15.02 75.33 69.40 68.66 14.20 43.21 
2 2 0 
1 0 
50 72 1 4
93.23 39.47 41.04 44.53 63.40 58.19 89.18 97.86 23.12 39.93 97.60 60.61 66.41 86.13 78.84 1.96 34.42 71.82 83.76 27.60 86.12 89.56 38.83 9.85 64.73 68.20 74.79 30.33 99.57 43.96 90.46 7.42 75.41 81.60 94.62 40.37 91.53 41.82 64.51 86.98 97.25 11.27 47.93 88.49 75.30 74.67 96.36 58.31 71.48 46.96 1.97 99.97 59.95 53.21 29.57 40.32 17.16 61.63 43.37 32.00 61.71 42.58 82.93 62.68 90.51 71.06 49.08 86.25 84.22 21.78 14.34 96.17 27.83 42.22 32.51 2.14 16.85 84.88 78.01 74.46 62.13 29.95 67.26 25.65 19.37 46.51 67.69 88.55 82.38 62.26 4.12 34.56 5.52 12.70 89.12 69.17 66.22 11.28 13.24 58.35 
88.79 52.59 98.31 52.17 33.85 53.62 67.32 53.48 87.01 14.05 8.59 40.52 55.02 77.12 77.04 18.73 91.54 56.69 49.57 21.88 28.09 57.21 87.00 18.64 8.74 36.90 91.63 60.75 73.22 23.29 3.80 16.63 20.34 2.87 16.55 40.86 95.20 78.91 13.85 36.21 55.17 97.29 70.30 58.50 69.24 13.65 74.30 34.17 12.93 95.15 15.83 68.09 72.14 50.83 46.55 34.93 19.63 49.68 84.16 61.39 43.58 58.39 17.84 37.47 18.89 79.15 14.66 7.06 79.19 19.92 84.44 23.33 
0 
3 0 0 3 
83 27 2 2
3.00 33.98 82.33 22.62 76.19 33.51 46.33 28.50 60.24 15.15 73.44 21.95 14.42 69.57 38.66 47.00 42.44 87.30 43.89 17.76 86.87 57.17 28.85 42.68 22.71 11.11 67.70 48.54 7.15 91.33 72.50 74.24 62.22 71.89 35.96 63.80 32.54 90.05 29.54 53.88 36.51 37.20 56.51 7.78 87.91 62.42 77.51 25.91 61.13 45.68 79.42 25.44 84.92 15.74 35.03 60.40 41.58 86.30 2.01 29.95 72.47 34.05 47.99 3.61 64.81 97.81 46.18 73.90 67.27 95.48 68.08 44.69 8.49 70.13 38.11 21.02 32.08 12.24 32.78 13.72 35.97 48.97 6.87 9.86 97.82 1.18 7.88 4.16 6.61 68.92 88.23 57.89 61.70 41.33 73.23 86.43 13.90 64.78 21.96 50.13 89.07 60.75 54.17 71.93 31.43 33.90 40.23 93.91 17.62 49.64 17.88 14.81 37.87 53.74 19.94 58.62 33.16 13.46 3.74 84.39 36.33 81.04 33.16 14.52 66.06 1.76 55.19 50.04 2.78 77.18 9.96 42.92 34.06 76.61 61.88 30.70 20.52 39.63 14.26 92.31 13.18 11.08 34.01 28.65 90.70 38.77 84.57 85.24 36.81 17.17 70.17 47.99 24.53 87.13 1.71 10.09 40.11 65.93 96.10 50.03 45.66 89.12 63.86 53.96 95.61 39.87 
68.80 75.59 91.37 26.78 58.50 85.42 74.82 20.20 30.65 29.86 32.07 10.02 45.65 76.88 58.09 23.29 43.26 91.64 15.44 69.13 16.52 65.31 84.91 40.61 6.22 7.44 13.50 
0 1 
1 1 
71 28 1 3
97.52 13.38 3.77 81.60 27.99 94.03 26.04 42.43 59.94 87.77 80.79 84.62 47.43 91.88 25.64 36.53 17.92 93.14 8.15 22.39 51.97 35.34 35.75 52.38 20.83 21.93 40.02 3.21 16.11 8.88 49.02 22.32 26.44 40.12 18.79 18.37 89.79 40.62 53.12 62.88 75.22 33.90 1.49 34.69 36.85 65.32 94.11 57.00 13.91 29.99 65.00 37.23 45.11 54.15 57.26 91.59 92.80 82.25 26.90 56.66 86.90 5.53 13.17 15.25 24.03 24.13 41.23 42.42 82.92 10.76 22.32 68.61 52.98 6.16 83.52 61.60 77.52 39.11 97.33 10.64 95.31 89.49 26.98 41.24 54.74 2.67 57.41 30.02 46.44 62.11 56.52 78.34 38.93 92.20 24.08 23.21 38.48 75.41 4.03 89.99 59.56 13.60 54.93 82.95 38.78 50.12 74.26 75.26 79.70 36.85 10.97 16.33 89.80 82.76 10.07 8.71 12.15 61.64 85.00 92.55 39.83 49.20 7.86 92.88 71.30 56.79 66.97 97.19 14.79 91.97 85.59 42.93 50.14 8.40 1.23 31.41 35.20 39.37 75.62 61.29 97.08 11.26 
28.55 89.34 5.08 96.00 47.40 22.32 84.25 26.93 84.39 50.17 46.29 49.89 28.15 78.09 49.63 2.89 59.24 95.33 5.40 6.83 6.21 46.64 10.97 15.51 84.32 85.72 48.76 93.24 
0 
1 0 1 
72 43 4 3
6.28 77.02 82.32 30.99 7.90 97.87 8.20 75.71 36.05 16.59 94.04 48.55 30.39 99.59 83.49 4.61 50.84 48.57 78.82 89.34 46.66 45.23 21.95 27.79 1.91 87.31 57.08 61.98 26.46 47.91 92.14 47.45 81.69 93.25 78.63 5.47 93.41 57.87 93.01 61.17 43.91 70.26 36.34 81.89 11.74 78.23 1.41 58.49 62.08 69.21 27.70 59.08 75.60 73.45 94.03 61.93 39.34 71.82 64.00 93.41 28.98 50.44 49.14 56.06 49.02 48.61 31.12 93.68 94.27 24.79 23.24 67.94 56.37 15.37 38.27 20.94 94.21 5.83 89.51 93.13 66.56 35.72 29.13 38.65 2.61 59.34 92.82 81.04 86.68 43.35 29.18 46.33 37.02 37.13 20.40 20.23 7.31 75.28 52.18 35.88 15.35 72.06 22.66 90.07 29.17 47.17 99.16 61.11 99.18 90.78 34.79 77.84 7.60 8.43 15.31 22.10 22.06 86.58 63.84 57.09 73.08 57.70 83.67 84.48 64.17 48.09 52.76 90.90 58.96 14.99 91.47 4.74 30.17 48.68 39.41 15.41 45.12 60.57 74.58 13.29 36.01 35.71 66.49 86.70 
19.85 9.11 19.14 90.34 29.88 65.72 61.79 31.97 43.84 4.47 15.84 95.19 37.25 1.32 59.06 63.91 65.99 7.35 91.15 80.17 40.51 42.18 54.77 42.06 30.63 87.50 89.46 24.93 47.92 75.21 52.96 95.56 56.55 67.10 78.06 10.77 85.33 43.49 66.88 92.92 20.52 34.47 20.61 
1 1 3 1 
1 1 1 
88 82 4 3
51.70 98.89 3.13 58.25 70.59 82.77 94.93 13.85 5.19 7.11 52.16 73.96 34.58 4.95 30.21 52.08 66.91 59.05 94.69 3.80 7.99 53.90 35.53 70.60 13.56 32.83 40.21 2.76 18.31 74.62 21.24 50.14 22.29 81.09 88.72 89.19 41.86 65.24 88.07 88.12 9.50 61.27 7.64 24.94 86.99 97.07 56.07 73.31 46.61 24.29 6.10 82.96 1.87 54.43 21.06 13.81 70.01 56.78 18.84 37.34 57.54 25.32 99.74 98.23 96.41 72.93 77.84 71.80 15.77 20.74 24.50 89.85 2.19 77.37 19.33 1.22 58.87 2.18 65.33 54.32 28.73 59.85 65.89 56.49 53.50 33.61 29.58 90.00 32.57 92.62 85.68 72.93 80.11 3.08 44.28 22.15 78.01 38.63 9.06 85.06 36.47 66.65 20.41 46.46 44.42 85.09 46.21 9.40 9.65 22.25 68.34 65.65 4.54 75.01 67.39 81.59 66.19 3.82 1.13 41.24 85.30 88.65 7.02 76.10 16.38 59.71 46.72 44.55 33.09 99.06 9.69 14.18 29.97 65.19 63.93 2.61 16.54 15.27 50.82 41.89 35.65 57.66 26.94 50.61 67.11 65.53 76.56 55.48 19.10 18.75 13.60 50.97 37.13 12.87 49.09 72.21 92.54 33.61 36.83 32.15 99.11 75.91 1.52 92.54 25.02 98.84 82.88 57.88 52.41 17.49 33.01 6.27 26.85 63.99 52.22 42.33 
97.39 48.87 83.74 7.22 3.41 55.07 53.97 97.82 6.49 67.22 24.54 54.65 71.91 46.31 30.21 84.74 96.42 64.69 65.62 81.79 93.99 51.75 57.81 94.45 50.73 31.44 62.52 79.21 39.77 83.96 52.73 31.41 60.72 78.35 92.56 64.60 98.89 40.56 73.28 23.68 26.81 70.17 64.58 66.26 56.81 37.66 80.80 5.09 52.72 22.20 92.45 29.49 21.31 12.83 5.00 6.33 76.37 10.96 27.13 85.61 58.48 33.39 5.80 22.99 70.30 57.25 31.64 63.99 84.48 97.66 56.80 36.40 91.23 68.42 49.38 23.40 96.96 23.52 78.84 94.89 76.94 50.85 
1 2 2 2 
1 2 0 
36 48 1 2
90.73 6.68 35.89 91.23 84.07 90.20 77.55 2.02 80.87 75.64 78.77 51.79 65.21 54.71 33.92 63.70 44.26 64.35 21.31 3.64 21.17 47.65 51.65 86.56 72.36 78.00 21.27 39.61 92.41 75.11 14.73 17.47 34.19 4.93 4.84 79.23 17.52 30.37 72.01 72.56 58.89 18.01 84.52 2.95 3.92 98.51 59.12 17.48 35.72 12.38 49.48 93.45 96.28 92.95 99.88 15.69 19.05 56.03 19.96 54.87 41.87 10.72 36.21 40.99 84.63 93.05 26.53 53.97 92.29 58.74 13.60 23.48 
99.58 23.80 40.47 39.75 70.00 58.09 56.57 73.84 26.07 73.89 45.65 23.14 71.25 97.56 10.60 28.66 70.21 13.78 53.17 31.00 15.67 95.29 19.33 36.84 83.75 51.37 26.95 78.23 14.29 31.66 70.75 38.21 48.99 90.61 23.05 53.65 30.36 75.85 57.59 37.62 98.38 52.55 74.95 6.47 80.79 33.76 51.14 65.59 
0 
0 1 
41 83 2 3
2.91 63.88 82.86 31.84 93.87 61.80 71.40 18.39 6.71 16.76 11.65 59.10 25.27 90.64 41.42 50.17 63.90 46.30 46.88 6.94 1.11 87.54 63.43 98.02 7.92 93.24 40.77 95.50 7.18 10.08 27.77 85.33 4.88 11.14 51.85 8.39 61.10 8.51 73.46 81.49 16.82 70.18 32.16 53.40 11.41 96.00 48.95 8.15 47.04 40.94 20.99 28.18 82.79 47.00 3.16 75.52 86.84 86.69 92.26 89.85 59.24 42.72 25.89 72.53 93.49 84.88 20.37 32.52 71.22 32.60 58.24 15.92 56.98 61.87 40.06 34.41 36.90 63.24 21.47 34.48 39.97 93.88 
50.11 97.88 66.64 48.96 6.74 75.07 17.77 85.31 66.25 6.69 1.44 23.20 52.81 61.18 33.75 44.67 30.15 86.43 48.90 38.75 11.53 92.45 6.42 50.37 16.06 67.60 5.67 10.02 73.21 52.13 40.94 75.12 26.18 98.41 59.51 86.86 27.99 64.05 87.64 33.60 7.85 24.62 36.98 46.33 8.95 89.10 90.13 13.82 94.58 89.30 42.22 50.36 70.31 42.94 39.71 13.46 31.91 73.40 67.80 43.98 48.78 42.56 4.49 32.56 40.58 61.27 44.66 43.61 92.22 17.80 28.43 12.40 48.51 99.53 40.51 25.93 86.21 27.87 18.29 26.20 88.72 2.64 44.20 
1 1 
2 0 2 
19 84 1 1
63.15 32.00 88.48 84.93 46.28 98.62 3.14 31.54 58.78 16.07 87.55 74.35 94.95 98.12 33.31 32.00 57.82 86.52 28.52 70.94 5.38 16.31 60.49 93.15 24.02 64.75 96.51 8.07 97.15 16.82 14.81 76.85 24.37 88.71 49.11 30.86 3.73 21.99 
43.45 33.12 32.36 91.73 2.61 68.78 85.18 96.31 45.05 29.28 44.27 46.72 50.22 9.07 10.61 94.37 27.15 28.27 28.93 68.08 14.35 56.63 85.64 6.53 72.55 85.95 2.67 36.58 30.21 39.61 69.90 55.81 70.25 14.03 4.89 69.72 87.67 63.19 95.43 89.83 78.64 18.70 9.42 60.25 99.61 21.09 23.96 1.06 23.74 37.46 95.82 20.16 86.06 72.34 8.71 42.41 77.29 62.48 77.94 35.05 98.47 77.59 35.01 3.74 14.83 1.26 89.37 43.97 28.50 72.73 99.91 1.72 37.12 26.55 85.56 81.10 64.19 21.33 42.82 16.80 18.58 15.80 9.55 56.11 
0 
0 
71 73 2 1
94.86 73.10 15.86 74.14 3.75 18.04 35.62 56.49 70.18 25.85 31.83 79.34 41.50 51.55 20.57 30.90 97.01 96.80 25.32 12.04 44.29 19.09 83.79 16.03 66.18 44.54 67.70 17.65 49.32 83.94 60.43 99.97 85.51 92.85 13.59 34.01 4.62 64.53 85.15 65.31 77.19 65.21 54.06 48.91 1.65 94.83 81.74 32.63 51.69 46.79 10.70 39.92 74.02 63.71 54.15 45.50 81.00 53.00 62.16 2.04 82.26 76.59 22.17 4.92 8.60 69.28 76.20 97.65 31.87 49.53 53.82 99.12 47.51 69.62 90.42 97.02 7.93 35.50 79.33 18.15 76.43 42.09 55.10 74.08 23.86 36.58 87.25 19.63 22.72 74.27 44.91 90.36 7.50 60.35 40.94 6.65 82.62 81.35 92.27 89.38 73.20 15.62 66.72 30.67 49.25 71.45 7.90 60.65 65.73 57.33 4.31 13.91 13.07 85.27 73.57 62.24 59.40 35.23 9.14 74.54 71.77 61.14 52.11 12.66 55.35 91.70 60.03 90.75 77.09 99.15 23.43 78.27 16.12 23.84 12.10 35.38 74.75 38.88 45.90 32.59 15.00 98.65 
11.39 63.48 61.94 9.94 50.01 35.03 37.61 9.89 97.95 13.22 79.63 82.59 4.60 99.48 80.94 87.13 27.43 85.05 51.33 69.25 79.50 87.29 74.52 86.61 71.36 59.74 87.21 44.90 25.04 30.44 35.65 94.46 2.87 56.59 85.79 7.54 61.36 91.13 20.23 31.03 4.61 91.35 17.37 47.40 48.68 57.33 90.93 60.72 84.15 51.19 94.99 86.78 7.47 32.86 36.52 78.38 49.76 39.23 95.73 64.81 44.67 59.28 47.39 99.58 45.60 75.64 89.48 80.47 43.46 94.82 13.74 40.73 85.79 
0 1 
0 
20 60 3 4
93.16 17.90 87.17 72.69 21.71 39.54 51.35 93.79 86.52 41.06 23.37 83.59 15.68 87.55 44.65 45.26 5.24 64.41 95.29 77.87 34.80 57.44 37.20 15.15 63.49 86.79 54.94 96.71 71.57 15.08 35.27 19.74 2.97 55.36 71.81 51.46 50.59 44.33 47.87 24.62 
77.88 22.04 79.02 6.84 38.11 2.77 34.23 24.28 95.48 22.98 99.79 68.45 69.57 98.25 86.31 7.31 11.33 48.23 71.43 11.36 21.56 65.79 99.99 58.82 62.63 53.51 81.37 38.99 91.37 77.58 52.13 22.78 33.13 51.37 91.61 79.47 70.47 50.57 9.52 70.42 77.08 14.59 79.57 62.90 16.03 92.22 30.03 94.87 49.75 50.86 59.29 22.23 74.31 64.01 72.62 55.95 27.18 82.16 48.26 49.30 
0 1 0 
1 1 3 2 
95 80 3 2
68.51 70.05 62.88 10.88 37.25 31.66 44.68 79.87 58.84 10.57 63.69 53.43 3.70 18.51 54.69 38.28 69.38 61.56 90.95 94.05 63.50 56.79 35.44 30.30 12.61 34.68 10.71 28.47 80.19 54.39 82.27 1.84 23.75 12.32 83.12 74.24 77.15 8.86 23.92 93.60 71.37 73.91 13.44 26.19 21.03 77.29 18.06 54.41 40.55 29.45 57.29 18.04 12.90 88.81 70.48 20.15 16.70 17.52 53.65 40.18 33.72 62.61 6.48 19.69 27.89 77.92 5.40 42.59 98.25 51.95 62.18 49.02 13.47 1.83 11.54 1.18 13.58 35.28 10.72 5.50 19.13 93.91 52.44 44.11 41.91 6.60 10.35 85.88 49.77 41.07 55.48 65.88 30.17 45.68 50.25 98.55 25.94 36.54 99.28 64.19 38.68 74.64 42.27 26.08 17.52 17.51 45.17 83.01 80.93 22.18 58.09 41.11 61.98 26.70 87.62 56.16 76.19 52.39 37.47 84.20 87.49 80.30 76.85 68.48 52.46 44.83 1.48 27.95 89.56 28.39 45.74 91.32 68.08 12.47 47.11 90.79 42.07 17.66 41.93 55.97 37.94 99.65 18.39 99.12 37.89 13.06 63.48 64.25 71.10 14.99 61.04 82.61 90.32 27.75 30.69 65.38 70.28 56.11 25.37 59.05 41.30 62.42 47.90 35.84 41.61 66.58 62.83 57.92 46.82 66.84 46.31 40.83 13.41 16.21 34.33 70.52 56.14 63.31 2.22 75.58 72.05 79.93 26.55 35.45 91.82 2.24 69.08 5.58 57.19 94.70 
84.21 70.75 16.21 57.37 79.50 58.27 28.47 3.66 30.19 99.36 6.84 79.90 99.57 53.56 30.60 14.04 21.65 88.48 57.32 18.14 44.89 53.76 69.40 85.91 49.03 16.66 59.33 30.83 71.35 4.92 68.89 87.85 40.95 29.13 91.41 73.20 80.38 44.59 72.01 64.90 49.61 95.33 13.84 6.85 54.75 95.42 11.62 44.69 49.81 9.39 85.33 50.73 84.70 41.03 75.74 43.29 31.06 94.44 94.25 84.14 33.80 15.61 13.82 31.59 96.98 26.25 66.26 99.01 6.59 66.98 12.48 43.43 13.84 47.61 90.56 64.95 32.84 61.04 52.11 37.71 
1 0 1 
1 1 
51 51 2 4
81.09 27.63 26.27 42.26 32.07 11.25 61.21 31.99 53.68 83.58 59.72 43.17 68.14 18.19 92.34 14.84 34.51 83.22 89.58 97.88 47.48 83.87 96.72 66.28 95.20 62.65 75.88 86.24 12.88 98.13 76.66 82.71 79.46 93.65 54.62 23.27 32.28 52.92 85.39 69.15 7.77 68.93 62.97 1.45 67.10 77.00 14.51 30.71 86.60 64.19 90.26 42.67 72.59 5.83 25.34 34.64 24.06 66.05 34.99 66.14 93.79 10.65 82.34 18.07 51.38 57.98 68.92 5.09 46.75 73.56 41.51 30.03 35.75 94.70 51.90 30.81 86.97 80.19 88.39 37.37 24.51 20.69 32.15 75.51 17.28 49.25 58.12 32.82 41.54 96.78 30.13 47.99 72.67 43.00 55.65 20.07 50.50 61.95 2.11 82.19 98.71 20.50 
69.73 45.58 23.59 24.75 14.31 56.88 35.12 62.68 95.63 79.67 46.66 1.98 76.39 18.41 84.61 49.83 65.02 99.44 68.10 1.65 45.20 21.21 53.94 76.70 58.78 11.50 21.22 11.61 45.16 34.49 47.49 6.07 27.73 75.17 2.31 52.90 84.02 78.34 96.03 94.54 90.96 58.52 70.18 55.01 18.54 17.63 53.60 59.76 76.88 64.74 38.66 
1 1 
2 1 1 3 
29 61 4 1
28.60 35.32 82.51 2.69 67.00 50.30 66.86 4.01 97.26 39.32 2.65 6.84 64.23 52.24 59.80 83.61 56.02 90.02 20.43 22.39 69.77 45.74 50.66 95.35 58.22 67.83 91.62 93.21 55.76 6.51 71.53 19.58 11.77 59.94 7.26 8.82 15.85 39.82 78.79 26.54 23.85 43.69 83.25 53.04 24.10 61.40 57.62 21.21 87.64 55.70 94.72 41.50 73.62 94.89 38.21 48.87 18.45 1.05 
92.92 75.43 17.14 38.59 66.13 89.48 19.44 76.40 27.52 90.05 97.99 95.81 31.65 92.39 61.75 10.80 63.10 55.30 14.24 26.52 64.63 76.06 40.21 85.44 32.66 64.15 57.64 80.87 50.90 56.11 83.09 40.15 77.43 11.05 89.48 67.24 15.23 62.36 69.53 77.67 2.32 82.19 4.08 51.82 44.02 52.69 32.98 98.62 46.72 31.23 70.06 24.01 59.61 51.20 45.13 37.10 48.33 74.79 63.88 80.93 99.33 
3 1 3 1 
0 
10 12 3 1
29.65 94.89 36.49 94.32 55.80 75.97 60.22 11.76 70.44 6.92 57.75 48.59 55.06 26.31 6.02 11.94 76.40 8.04 95.34 58.92 
30.76 77.00 11.12 99.66 21.99 86.05 48.59 29.75 31.21 36.02 66.38 64.24 
1 0 1 
0 
68 84 3 2
8.81 33.30 54.25 36.93 13.24 20.15 57.01 9.22 81.81 83.08 54.30 87.90 64.16 76.63 48.93 15.13 72.70 84.33 81.85 29.08 56.61 45.93 37.79 47.45 80.38 17.33 85.48 90.45 80.88 71.67 28.43 62.45 86.78 61.03 21.06 55.88 37.81 4.35 30.69 17.74 62.82 65.42 7.03 25.79 37.03 82.23 28.58 55.39 55.79 31.05 25.64 85.03 43.64 99.75 52.66 68.36 35.74 27.62 43.16 36.33 48.19 61.74 52.63 21.14 95.30 87.35 60.42 87.78 79.82 99.41 84.19 44.21 38.07 39.22 26.16 41.21 1.12 22.75 61.98 39.88 88.40 67.47 65.31 97.41 37.84 97.03 37.73 46.48 25.30 30.05 13.80 82.66 51.50 2.36 8.26 59.05 7.81 52.68 48.68 63.85 42.81 88.57 63.81 8.96 47.95 87.83 68.84 97.28 42.17 52.87 29.80 36.04 62.18 13.80 60.30 48.95 43.70 92.99 56.22 23.38 80.96 91.69 42.01 52.75 69.69 9.95 69.93 62.58 22.84 38.90 93.68 20.06 81.41 75.36 88.85 77.33 
43.07 47.58 20.02 2.62 2.49 96.04 56.16 37.08 59.30 4.63 70.61 20.67 18.11 74.68 88.67 78.64 56.29 31.44 74.21 58.11 29.20 62.53 53.89 79.51 53.22 76.00 69.80 58.88 17.09 34.18 41.83 1.66 61.04 8.86 57.68 64.18 77.29 1.23 55.78 54.53 61.94 43.31 66.91 22.71 35.01 51.22 14.51 39.58 23.10 98.13 58.04 65.29 41.12 66.26 81.25 60.35 86.18 53.55 80.91 57.58 74.75 45.19 18.82 87.77 9.28 5.48 42.66 41.66 65.27 96.90 57.15 53.43 31.97 43.36 50.22 33.91 94.13 88.27 42.14 88.83 13.04 91.84 39.06 47.39 
1 1 2 
1 1 
17 63 3 4
50.78 84.40 97.67 43.55 20.16 42.04 92.87 38.29 79.01 68.62 51.31 38.09 89.38 65.25 68.73 34.14 15.30 65.48 61.01 16.36 49.82 77.74 68.70 63.56 82.89 25.12 58.63 31.38 38.39 49.03 35.20 26.04 61.41 47.95 
70.81 18.72 97.30 19.13 77.90 60.45 86.79 24.87 53.05 8.71 49.56 86.36 37.06 2.79 61.29 73.59 44.53 96.00 21.92 25.96 35.13 4.66 89.43 90.15 46.28 86.89 1.47 83.28 97.85 36.61 84.72 4.09 48.44 30.16 70.72 17.15 31.80 91.85 34.20 46.46 53.82 19.94 55.35 85.60 12.99 80.52 94.63 87.73 8.85 51.42 47.89 67.99 76.14 89.22 41.01 1.02 10.64 16.21 53.59 79.90 73.55 16.50 88.17 
1 0 1 
3 3 0 1 
19 26 3 3
14.17 94.12 81.83 66.60 18.69 70.04 84.52 51.14 25.38 67.21 20.11 85.34 87.22 85.28 91.25 58.46 95.60 77.92 40.42 44.81 6.45 20.04 58.06 70.50 77.61 84.82 11.34 43.15 36.66 14.10 93.27 66.56 61.34 21.30 81.81 53.21 1.39 13.16 
59.97 90.57 17.23 84.44 21.16 54.93 16.19 22.76 78.12 85.29 83.81 1.52 85.64 77.03 65.45 37.34 95.61 64.45 97.98 42.05 52.52 11.34 18.69 93.88 71.89 6.70 
1 2 1 
0 1 1 
6 59 4 4
60.86 27.03 56.25 54.31 70.22 63.17 31.17 39.38 56.64 63.06 56.79 58.58 
99.90 47.78 1.23 19.33 28.10 36.82 25.73 66.39 1.31 11.50 2.09 75.25 77.74 40.51 9.64 11.99 53.01 33.21 32.17 65.43 48.25 32.27 29.81 71.30 40.18 80.32 36.71 26.66 50.82 3.46 8.88 72.57 37.19 57.71 41.00 35.01 42.68 92.43 80.45 44.77 59.67 72.51 33.75 54.96 60.81 55.30 47.26 11.28 20.99 65.82 17.66 46.32 47.81 53.83 17.63 76.34 84.78 20.06 3.26 
0 3 2 1 
3 0 1 2 
29 57 2 3
23.26 88.96 33.73 16.94 61.36 46.11 10.86 22.72 69.18 69.13 74.74 25.05 2.30 63.54 27.75 12.01 1.82 54.57 65.91 79.62 87.12 58.90 60.33 67.85 51.61 95.74 16.63 88.11 78.46 21.27 87.41 86.67 61.04 48.75 90.75 57.15 38.86 86.98 43.82 47.45 99.07 85.37 3.51 7.47 1.02 58.24 8.80 32.48 23.64 47.92 34.79 88.05 63.62 43.79 51.15 5.07 62.03 81.17 
49.32 88.91 86.80 73.16 21.04 52.63 14.38 90.35 58.92 33.78 53.11 81.88 32.34 52.85 16.41 76.66 91.85 58.61 64.42 12.34 67.01 34.78 99.39 78.83 25.47 78.41 70.53 5.48 53.26 49.67 43.36 38.18 86.36 30.94 21.10 29.68 43.09 57.16 9.04 99.07 41.29 90.52 95.37 73.47 33.58 1.61 64.40 58.11 36.03 29.80 44.31 1.78 23.29 75.43 99.27 50.92 39.89 
1 1 
0 0 2 
64 62 1 2
72.73 49.29 74.73 26.36 67.13 19.69 1.87 46.04 28.92 78.65 28.38 75.03 2.90 85.58 12.83 84.81 10.27 98.50 95.63 99.72 5.47 81.27 45.48 92.16 11.50 2.78 34.83 21.50 26.75 17.49 57.14 2.44 52.81 48.03 22.22 42.12 4.17 64.38 54.62 36.77 97.99 36.33 77.64 4.82 31.49 45.61 86.89 33.80 33.66 44.47 76.26 22.75 14.62 89.75 89.93 21.01 73.43 22.02 97.61 25.41 30.44 21.65 90.02 36.26 94.94 60.84 96.11 56.68 56.98 51.15 9.39 5.65 5.79 94.20 79.81 14.71 45.29 94.21 26.00 13.96 91.85 85.69 29.05 23.29 41.07 36.34 87.91 41.40 28.63 10.39 98.29 75.82 88.79 6.03 78.33 47.18 13.53 45.06 85.25 91.90 71.79 47.48 73.54 18.31 76.19 22.40 47.17 67.04 62.76 91.67 61.21 22.58 84.27 1.57 8.82 20.18 1.52 60.89 95.61 32.67 16.43 69.45 97.56 62.91 16.87 65.03 10.06 5.77 
71.61 58.88 27.80 11.98 83.87 8.01 39.54 45.69 7.18 32.68 34.76 50.47 1.47 50.37 3.11 32.80 45.87 34.64 73.49 62.99 14.80 2.59 78.44 35.17 83.64 28.81 86.78 63.89 6.87 5.58 34.52 15.59 55.01 40.61 87.15 36.90 74.39 44.13 15.11 81.97 6.97 17.30 16.91 8.62 30.01 22.34 50.09 38.32 57.71 98.29 27.00 98.19 56.78 38.79 92.51 41.40 8.76 39.92 8.56 85.63 18.18 14.27 
0 
1 1 
64 13 2 3
28.47 8.06 46.12 1.57 27.43 67.47 29.44 56.97 91.46 13.60 58.22 44.02 65.57 56.85 98.63 21.53 93.68 99.51 87.88 83.64 1.46 66.19 86.11 87.79 52.32 60.46 85.63 16.12 38.11 38.79 93.58 94.84 35.33 66.80 62.26 57.91 6.59 10.90 83.76 2.70 20.64 36.62 32.03 58.31 85.41 39.98 69.99 95.59 20.14 97.96 34.14 90.48 89.28 43.03 28.49 74.31 4.37 84.05 71.99 23.01 43.91 74.27 78.11 97.90 80.28 88.52 32.46 55.65 36.35 12.47 12.46 28.46 12.81 73.07 68.27 69.28 28.15 28.74 65.42 87.61 76.70 9.77 70.11 21.31 46.07 62.46 64.53 20.10 3.17 85.28 48.18 77.97 2.29 22.89 90.92 22.59 37.23 23.56 99.19 91.26 4.42 82.45 47.55 87.40 28.61 73.77 46.12 32.53 60.49 56.67 16.99 79.05 27.91 96.46 50.21 49.87 89.01 58.60 48.10 14.64 43.17 37.41 54.88 28.94 79.62 85.80 15.24 44.42 
61.61 80.76 46.66 45.75 37.87 94.26 9.46 12.19 4.39 6.06 90.55 48.64 38.93 
1 1 
1 2 1 
96 92 4 4
46.44 2.94 89.15 78.56 88.63 49.09 41.47 31.41 89.35 74.59 61.03 59.20 37.23 41.09 43.09 88.69 28.99 41.14 12.27 63.51 53.12 88.85 18.73 93.73 51.47 3.81 93.93 14.90 59.37 88.09 1.69 6.52 86.81 46.30 11.30 34.84 72.75 91.77 30.22 9.17 38.46 62.57 14.73 23.18 78.68 33.34 25.73 99.49 49.63 48.28 47.70 81.45 39.91 86.29 19.46 47.45 90.81 43.92 30.17 57.88 77.99 18.97 5.71 35.09 58.27 31.78 23.08 81.56 99.50 86.62 11.30 48.27 14.30 14.51 34.64 17.94 44.42 87.37 5.78 73.22 26.57 32.87 45.79 59.78 78.04 64.46 93.63 7.89 78.86 3.73 64.89 39.01 72.46 23.93 68.46 4.61 55.04 76.66 46.63 20.24 25.46 21.70 7.99 5.40 20.97 53.65 29.61 8.89 20.32 18.54 49.15 28.01 63.79 5.50 80.18 97.11 37.92 15.58 81.82 13.56 61.85 85.36 50.43 19.08 56.13 17.24 24.89 51.38 80.04 39.19 74.37 82.18 5.31 86.73 86.66 39.33 31.32 27.05 77.86 20.24 64.51 90.56 39.90 40.77 41.96 37.81 67.63 61.92 25.70 40.64 31.91 49.91 12.45 55.36 19.58 17.75 41.94 86.03 29.48 80.29 59.22 90.59 92.19 35.54 51.53 23.15 72.63 30.55 81.77 9.66 34.65 65.11 45.48 99.42 70.52 93.72 90.66 5.34 50.09 48.55 4.78 58.26 75.82 25.80 85.46 8.51 53.11 5.55 41.36 32.10 18.48 69.24 
94.85 60.00 42.13 1.10 10.66 42.69 79.79 8.27 49.99 42.11 84.21 63.39 21.29 78.56 89.86 2.44 63.04 78.03 72.67 28.04 65.89 98.04 62.57 35.29 38.18 58.41 94.38 69.96 56.08 15.36 47.25 78.02 33.34 64.09 65.83 4.01 54.23 98.05 80.57 15.34 49.28 32.22 68.84 20.11 88.13 19.56 33.84 84.08 12.15 30.83 26.75 26.56 26.21 16.20 57.15 58.00 36.57 80.89 2.31 61.62 8.90 31.09 42.77 47.10 91.01 73.86 47.25 99.99 75.19 78.31 20.26 62.33 92.97 60.58 43.17 80.59 24.24 36.53 54.30 75.69 1.21 23.79 97.23 16.78 81.69 75.87 23.07 53.13 91.02 53.73 1.89 75.01 
3 1 3 1 
2 0 1 3 
22 30 2 2
98.76 90.14 22.91 29.18 56.37 81.08 39.10 10.50 30.04 4.00 7.70 26.03 12.53 29.40 33.67 32.95 53.33 3.47 35.57 95.91 64.35 40.70 49.43 76.90 67.13 58.80 94.90 67.76 89.19 77.04 86.66 40.00 36.59 30.44 77.57 41.48 64.60 21.48 47.79 16.15 49.80 32.03 70.09 69.72 
30.69 93.06 98.67 39.36 21.81 64.97 41.33 90.07 6.69 56.19 78.56 39.40 73.52 3.69 3.69 11.31 21.63 82.39 40.95 28.33 69.33 7.45 67.06 22.81 37.57 89.19 29.01 22.21 64.88 92.70 
0 1 
1 0 
21 32 4 2
61.02 55.95 75.35 48.81 57.97 44.31 62.85 66.89 7.18 95.05 1.91 84.70 65.24 6.94 84.37 43.20 39.95 51.68 78.48 72.65 37.32 84.87 99.50 49.29 8.09 34.76 24.74 67.69 59.01 75.02 15.78 14.93 26.30 30.42 99.43 9.72 89.19 35.14 34.84 8.13 72.73 44.48 
54.29 71.73 96.03 27.16 93.10 92.08 12.19 11.23 47.96 92.07 42.76 93.98 46.37 11.16 92.98 44.20 43.01 64.95 67.31 85.60 62.41 60.52 45.66 38.24 9.24 10.49 29.67 93.47 71.71 27.31 82.96 35.66 
3 3 3 3 
0 0 
46 46 4 1
43.82 87.52 86.78 23.94 72.25 43.46 69.83 85.51 40.20 88.87 52.10 79.72 35.81 98.15 87.80 56.61 20.11 41.71 78.61 29.34 10.73 64.52 73.62 72.90 20.00 98.89 44.91 74.70 55.61 16.66 41.55 53.52 32.11 50.26 7.90 37.89 60.20 49.39 46.10 1.98 13.04 43.07 69.41 47.07 47.50 79.46 60.20 78.98 92.33 61.46 96.97 32.36 65.84 86.75 78.04 92.60 89.00 23.49 70.79 19.76 28.74 42.68 88.81 59.70 42.53 2.31 72.20 68.02 82.88 84.47 87.16 52.40 24.74 4.46 42.11 5.06 30.57 33.99 14.16 43.09 97.51 49.51 57.22 36.40 20.52 57.31 42.01 90.20 19.29 33.37 15.10 55.54 
61.25 87.06 61.34 64.63 71.04 44.90 3.25 9.81 32.21 60.60 32.96 71.30 41.86 59.13 91.98 85.62 47.43 32.48 89.04 6.09 79.49 74.74 34.00 54.23 53.06 43.12 89.06 11.91 42.83 42.85 26.79 12.26 3.47 45.20 32.79 10.91 10.77 2.20 41.02 93.22 22.94 28.17 65.88 87.93 24.31 11.83 
2 1 3 2 
0 
64 83 1 4
54.07 45.47 17.70 96.17 38.88 92.03 70.49 79.83 28.81 92.34 10.16 91.72 15.48 56.58 60.32 65.90 60.08 98.26 60.42 1.99 83.06 41.58 31.59 91.93 17.48 20.03 6.15 7.34 51.39 29.46 30.44 41.81 3.04 70.10 25.13 92.76 79.02 98.60 19.88 17.23 85.31 15.51 10.58 73.85 96.58 80.41 70.47 95.63 68.49 88.69 35.05 33.60 86.59 73.48 13.88 93.93 54.93 76.56 43.90 19.51 10.64 76.78 78.95 80.93 10.10 9.82 13.08 53.36 80.32 97.13 94.15 29.91 28.82 58.44 48.82 45.62 14.27 32.29 13.57 96.99 56.52 35.83 30.61 23.19 7.13 41.51 93.05 65.26 21.68 27.98 7.26 15.15 23.32 61.37 57.75 83.58 73.74 25.80 7.12 54.56 91.95 20.21 92.58 2.72 51.15 27.24 26.82 86.54 47.29 52.45 76.10 81.25 2.41 22.02 96.87 92.21 54.61 38.71 37.82 17.24 43.17 88.09 50.21 70.13 19.15 99.48 91.15 18.72 
63.27 30.19 45.84 81.02 74.37 77.18 51.35 4.29 59.45 83.27 6.12 6.57 93.07 20.41 67.06 46.29 82.08 66.67 16.56 44.26 45.32 9.36 97.34 22.98 27.79 53.19 72.10 23.18 16.99 89.08 6.12 51.91 83.28 20.84 6.97 49.81 93.43 71.96 5.66 33.87 13.79 72.57 73.75 88.75 86.66 62.24 8.89 29.74 79.72 49.42 25.44 38.74 56.37 85.58 81.57 43.07 13.18 70.35 93.60 36.61 98.42 22.96 3.84 91.81 34.99 91.87 52.60 53.81 77.03 82.74 34.38 91.93 96.21 70.29 10.55 52.67 2.07 89.78 45.43 89.68 87.44 57.23 57.48 
0 
2 2 3 2 
19 63 1 2
18.79 21.48 78.67 84.71 67.90 99.18 41.85 18.44 63.97 11.83 68.61 24.79 76.45 17.43 4.52 29.62 64.22 92.39 54.35 93.08 56.23 70.79 78.47 34.16 77.14 47.29 22.70 43.03 37.99 46.64 98.04 55.35 92.09 38.54 10.73 35.80 99.21 52.00 
67.23 90.37 29.58 35.08 1.06 50.63 31.40 60.91 53.86 15.88 8.57 98.77 97.34 43.30 70.74 53.22 47.59 81.27 38.54 80.30 21.52 85.02 72.73 96.76 99.36 70.93 90.90 24.09 30.37 67.98 79.48 72.97 94.06 43.25 53.68 85.52 35.74 98.91 40.96 83.05 64.21 75.73 35.10 23.37 96.91 3.92 61.32 7.68 68.43 2.94 21.51 19.56 33.90 48.54 29.28 35.37 40.09 63.80 44.11 85.56 64.70 39.51 96.16 
0 
1 0 
54 68 1 1
53.42 91.37 38.27 38.57 25.09 48.59 58.78 77.51 12.57 3.01 7.75 3.23 13.67 27.82 15.02 77.21 51.73 38.20 62.31 50.36 72.94 70.03 45.03 98.27 56.40 78.23 33.56 92.98 20.52 59.57 42.44 98.62 66.22 75.51 14.39 1.69 91.29 59.77 23.66 23.60 15.65 52.24 78.75 80.55 16.03 33.92 39.61 95.84 44.65 93.05 90.69 88.38 85.66 92.57 36.07 37.48 59.11 65.82 20.66 10.77 22.20 23.63 93.15 46.44 16.85 17.71 23.89 71.30 15.66 54.85 13.98 37.45 64.21 40.34 55.40 68.77 94.20 70.79 29.58 19.25 68.77 6.60 8.94 33.36 58.47 75.32 55.61 49.03 98.61 2.46 5.84 61.06 58.04 62.27 10.34 12.04 57.07 24.83 88.65 81.86 31.10 55.70 65.04 92.97 73.13 16.36 84.05 44.55 
52.02 23.58 74.77 14.87 59.24 89.29 7.48 19.14 28.30 77.70 94.47 19.39 88.74 52.75 66.01 1.94 87.63 50.46 13.09 91.94 40.04 19.06 63.88 96.45 99.98 62.62 16.91 37.32 94.57 10.64 97.54 44.90 24.96 3.57 89.03 40.11 7.63 6.96 89.60 45.67 16.44 3.81 84.15 45.26 54.69 7.15 65.50 89.99 37.52 81.05 71.43 5.07 53.32 11.05 21.53 9.70 58.11 84.76 68.58 19.80 70.20 16.64 54.56 18.26 51.35 98.91 97.34 18.07 
0 
0 
33 65 1 1
76.95 54.31 11.73 94.18 25.53 25.76 7.97 89.53 74.24 2.18 79.31 92.85 71.59 98.02 56.24 16.87 87.61 23.64 33.32 59.64 45.26 45.36 80.82 19.26 14.46 27.09 93.76 24.02 54.22 88.84 23.78 16.86 82.35 8.78 94.67 14.10 67.69 93.69 11.09 95.52 64.01 87.84 85.82 57.53 20.12 27.17 91.64 10.29 16.32 54.43 21.12 71.65 19.03 39.59 22.22 2.85 55.95 43.26 13.19 23.53 63.10 11.08 95.24 59.20 75.77 9.43 
71.12 92.61 41.66 86.56 34.53 29.48 68.60 8.64 58.27 84.58 32.27 76.51 82.93 78.83 58.51 53.21 25.67 31.38 41.03 75.86 77.13 94.96 39.16 81.63 12.20 75.94 65.92 15.70 46.49 98.15 24.16 33.69 3.98 85.13 11.40 81.41 61.88 83.01 25.87 52.92 58.83 88.29 25.54 48.36 42.42 47.17 85.03 23.34 17.78 38.81 19.28 36.55 55.09 15.47 82.18 25.06 52.15 27.12 92.95 81.28 41.68 61.58 28.75 58.36 52.71 
0 
0 
74 27 3 4
38.60 9.49 8.53 22.70 82.44 33.64 7.96 96.76 91.08 18.72 46.29 15.41 61.89 72.89 52.04 7.62 27.38 83.35 47.37 32.24 57.72 16.83 29.58 37.08 66.00 99.87 93.73 51.39 35.05 80.43 79.78 67.77 99.17 45.40 23.53 48.47 67.89 6.54 37.47 6.17 66.87 83.05 51.84 49.04 71.77 80.57 70.25 49.29 86.15 56.80 38.30 75.22 9.60 95.04 40.20 76.84 45.27 56.48 87.58 39.27 94.72 35.38 90.21 16.26 79.99 94.66 45.13 57.96 44.69 46.63 29.96 82.54 8.13 31.35 29.51 3.18 28.56 37.11 71.07 17.88 80.17 16.11 9.26 99.02 34.45 91.91 40.93 44.68 82.45 58.64 21.14 44.26 52.70 23.00 70.17 33.27 91.40 37.24 77.12 5.08 29.18 70.31 31.84 43.44 63.70 92.59 20.64 16.41 53.08 40.96 83.83 77.67 26.42 92.57 12.78 97.16 80.67 39.53 37.94 76.62 81.47 46.46 77.50 43.38 5.64 27.06 55.75 24.30 57.86 5.37 30.13 65.88 21.00 25.25 48.14 54.94 55.82 89.92 49.60 98.12 53.84 34.90 31.16 82.52 82.49 23.53 1.26 79.24 
32.13 50.47 56.78 64.39 95.82 49.48 42.69 55.31 96.09 57.68 44.79 88.20 36.22 11.33 1.84 58.04 82.74 51.42 9.81 60.21 29.00 22.23 26.68 88.05 33.74 81.19 59.12 
1 1 2 
3 3 2 0 
23 40 2 2
12.04 78.83 18.20 76.07 31.83 83.05 74.49 52.19 13.89 15.34 29.42 2.39 8.96 84.65 90.32 96.62 92.24 14.73 60.09 93.40 55.28 96.68 19.58 27.45 34.68 43.24 20.39 86.09 8.12 50.74 76.62 10.59 42.41 5.02 38.43 81.75 94.19 54.87 36.77 12.80 20.93 10.96 68.14 63.53 29.92 69.12 
47.15 30.47 76.50 62.61 48.50 89.15 85.04 99.15 93.82 97.37 10.77 12.04 94.95 7.86 65.68 3.24 93.98 68.71 17.67 64.46 43.48 78.38 98.65 40.97 31.04 91.32 1.90 41.47 68.29 51.86 70.07 9.90 7.22 21.49 22.83 42.18 34.66 75.14 15.71 58.37 
1 1 
0 1 
67 94 4 1
31.32 20.49 77.80 60.33 53.45 27.91 51.45 9.16 48.03 76.23 86.06 89.04 7.59 5.89 90.72 80.81 18.37 4.70 29.31 47.69 50.38 1.16 60.54 60.24 40.33 79.63 88.14 19.79 50.57 23.16 13.46 15.12 60.68 33.45 80.16 67.05 47.95 74.01 76.60 16.85 75.28 49.54 81.53 52.32 97.14 45.93 43.86 40.35 19.68 98.99 81.77 59.02 29.95 61.75 52.12 49.76 35.70 18.41 32.01 72.52 81.94 53.85 1.27 86.45 42.20 77.00 87.48 88.54 86.35 74.62 55.82 2.46 38.49 23.94 77.90 56.74 12.53 84.39 36.59 91.00 19.01 76.73 36.01 81.89 96.62 66.41 89.63 29.79 86.03 10.14 75.39 43.36 24.92 56.19 94.43 12.35 84.88 53.78 12.39 94.80 21.41 93.49 49.99 47.42 90.66 5.61 42.82 66.22 82.24 30.60 39.37 64.31 31.52 21.78 46.65 71.97 60.07 46.75 80.85 21.65 24.99 34.62 68.79 99.13 58.91 69.86 99.63 33.97 58.96 21.72 94.00 38.52 30.39 93.88 
87.14 9.55 16.04 64.09 75.28 48.72 45.90 46.28 90.48 92.04 15.29 22.13 41.51 37.14 52.72 71.48 74.74 27.93 3.86 94.75 76.40 15.20 36.23 43.89 63.51 48.50 25.46 53.65 43.42 36.03 60.27 97.81 97.18 18.37 70.57 4.10 31.14 56.40 99.33 42.36 72.90 60.05 45.61 50.16 59.80 24.50 90.26 90.49 22.47 95.64 81.25 25.77 4.76 32.80 80.26 33.04 95.28 63.35 7.41 65.38 6.40 28.98 4.34 19.68 33.16 17.13 15.73 40.89 76.64 87.83 36.42 95.01 27.90 35.63 99.89 73.99 13.23 93.53 7.56 18.32 25.74 89.38 46.68 2.15 64.59 82.57 72.93 29.45 13.18 39.73 92.93 57.04 40.70 47.40 
3 3 3 2 
0 
74 11 2 1
11.72 88.89 35.34 5.47 79.30 24.59 76.92 68.53 59.35 41.25 9.80 74.24 38.12 21.02 73.52 54.39 12.05 49.04 66.73 20.42 11.04 24.79 20.46 35.14 70.41 42.89 99.76 53.43 40.03 50.08 58.05 91.21 9.07 54.24 4.14 4.80 72.68 31.22 12.55 57.35 2.98 64.55 74.51 99.16 62.63 20.32 89.11 59.24 52.51 48.73 52.52 12.90 59.65 96.64 49.19 95.98 3.01 95.49 63.79 69.65 20.49 80.97 25.49 55.02 1.63 17.41 75.73 31.28 86.51 63.80 14.06 85.36 70.73 65.83 76.00 75.97 19.76 9.24 57.86 92.26 75.84 34.71 28.54 65.53 78.15 86.88 92.12 11.75 5.20 2.38 74.70 60.13 90.73 42.96 30.36 73.66 7.39 44.60 85.77 13.99 53.28 5.69 1.65 87.98 54.46 39.35 73.89 75.79 44.71 95.52 80.62 81.76 13.58 15.41 23.23 70.83 61.93 96.76 64.42 83.89 44.14 36.54 4.88 34.13 98.39 75.69 73.43 48.37 73.93 23.83 77.80 25.10 24.17 83.23 5.49 40.08 3.65 42.58 96.96 53.39 38.47 74.79 55.96 39.99 36.93 20.68 69.19 79.14 
4.60 60.07 72.48 69.70 13.49 71.02 80.93 31.41 47.50 99.72 31.40 
1 0 
0 
57 77 4 1
26.98 31.16 49.85 99.50 48.10 42.19 94.24 41.50 21.75 13.97 40.74 43.63 43.16 62.17 18.81 13.02 78.74 52.80 27.31 56.42 52.04 33.15 32.25 65.28 30.71 33.80 42.61 97.36 54.37 94.99 23.12 79.51 69.51 76.95 77.75 79.20 92.44 34.21 97.15 57.06 94.19 27.64 54.90 24.28 74.55 43.87 37.00 65.47 96.84 53.73 22.56 97.04 69.44 39.08 37.06 26.07 78.42 51.31 86.18 78.44 41.92 45.35 11.39 59.81 90.35 42.29 8.09 50.68 83.42 43.56 44.43 53.51 32.74 9.48 19.15 26.58 38.20 56.28 25.11 4.78 52.52 15.79 53.77 44.45 24.24 96.93 93.44 55.33 33.79 92.75 89.23 96.24 7.23 23.71 88.79 38.28 63.23 2.44 38.21 73.42 75.10 58.38 74.37 72.91 16.25 90.54 44.21 38.73 16.94 81.54 77.61 2.75 97.46 18.11 
26.46 7.48 82.74 82.63 17.05 94.58 29.69 10.40 51.15 40.33 36.84 58.83 30.19 28.13 18.65 83.76 19.30 30.79 16.95 26.03 87.94 39.69 1.99 8.83 78.96 29.73 93.96 75.37 59.04 21.87 20.37 69.24 86.67 51.52 16.63 28.49 27.51 67.66 59.53 73.57 16.58 81.61 97.43 80.18 9.52 67.54 15.60 72.51 7.76 60.77 93.38 74.95 94.68 39.77 77.80 48.84 93.57 78.13 91.45 81.56 77.55 52.61 6.80 68.83 77.44 40.39 8.38 4.52 46.44 7.96 68.80 32.18 44.20 89.04 81.19 55.04 54.89 
2 1 2 0 
0 
63 26 1 1
92.24 96.65 67.84 95.28 19.39 22.40 39.46 61.04 27.84 82.33 30.87 34.58 32.12 41.91 35.77 99.50 29.61 59.26 61.85 88.08 88.43 4.92 41.46 81.51 81.74 44.17 70.30 55.67 83.20 22.00 80.20 73.30 64.12 29.76 61.19 24.99 88.61 69.39 25.69 30.73 83.93 91.74 81.58 23.60 82.23 99.28 5.22 43.61 63.70 4.32 23.95 86.81 9.97 26.90 33.71 80.26 55.69 47.51 19.81 54.95 82.12 3.02 20.06 43.27 5.27 61.35 4.13 22.30 37.46 19.72 25.73 81.12 86.84 64.08 25.38 8.76 95.42 99.28 85.96 36.10 87.29 33.72 30.40 24.07 4.65 64.55 17.73 2.76 99.00 41.51 55.40 36.21 46.36 91.31 59.74 35.85 57.06 69.42 96.61 73.30 54.53 1.35 45.78 41.35 36.14 56.53 47.67 19.95 63.65 31.32 85.26 18.23 79.03 50.92 16.54 80.09 81.68 95.52 6.98 50.90 37.04 71.50 72.62 31.68 74.42 30.27 
46.73 28.14 96.40 80.34 95.69 82.46 28.05 31.63 53.55 78.22 32.58 57.12 69.53 25.60 10.10 7.78 9.60 2.09 72.49 14.34 90.76 82.23 44.21 13.79 69.22 43.82 
0 
0 
32 78 1 3
57.46 62.37 84.97 91.69 19.90 47.89 63.75 57.77 32.72 1.61 6.02 75.51 26.89 22.24 50.10 51.80 30.76 1.54 10.49 38.61 4.59 38.48 95.13 54.45 79.57 4.80 43.19 18.50 18.00 83.83 26.94 93.66 73.39 94.54 38.33 77.92 32.92 94.33 38.28 2.87 58.55 7.77 93.82 22.10 67.56 72.65 44.87 59.25 45.25 95.25 46.93 21.31 80.69 2.28 94.29 63.15 20.04 37.63 23.61 87.99 85.46 37.86 44.02 67.61 
48.17 30.34 10.03 39.48 16.35 20.21 62.37 98.02 5.43 12.62 79.43 68.01 36.73 67.76 98.05 12.84 95.15 13.58 92.69 18.66 28.13 10.78 56.26 24.64 79.55 80.28 60.74 71.14 41.98 8.75 87.82 39.40 44.88 18.61 31.05 41.41 31.81 90.50 31.79 16.56 94.57 75.35 23.30 98.16 26.97 67.17 69.39 49.24 72.09 36.17 94.25 94.32 23.26 36.85 96.06 62.87 5.66 82.46 17.38 95.84 47.05 34.98 31.64 93.23 11.30 43.12 67.18 61.42 82.58 82.24 46.72 50.56 98.50 38.01 66.94 17.90 71.30 25.49 
0 
2 2 0 
63 22 4 2
48.59 76.85 89.53 12.73 13.75 21.80 93.41 78.44 18.28 71.24 69.22 18.71 15.08 16.95 69.25 31.15 12.71 37.91 94.42 20.80 53.89 16.31 54.12 9.96 55.04 31.51 46.19 74.49 17.22 29.78 11.40 29.27 51.64 72.57 56.24 16.66 85.30 58.34 79.29 2.81 31.34 85.72 77.20 44.34 53.08 75.00 52.09 94.43 90.10 88.02 99.59 51.05 31.19 93.57 96.41 88.02 78.68 12.30 69.43 32.05 2.14 19.64 85.26 1.50 85.54 59.96 69.77 33.87 88.42 91.45 6.82 36.25 20.02 27.33 67.47 28.81 47.93 70.31 68.69 57.44 90.50 34.73 36.06 21.24 1.81 17.95 33.59 13.13 37.16 62.85 3.51 24.10 68.61 77.85 20.97 52.15 52.46 82.07 93.20 63.63 68.38 68.49 83.00 16.02 11.43 10.73 57.42 98.47 89.13 18.01 46.77 84.54 93.58 50.53 5.35 60.58 59.75 22.74 49.91 22.74 61.84 90.72 92.07 52.57 62.32 14.63 
20.43 95.15 60.33 90.70 83.35 49.03 84.09 67.11 86.33 67.59 82.14 15.04 19.33 40.15 38.94 52.07 24.55 95.05 78.11 26.40 81.11 56.62 
0 3 2 3 
0 0 
15 52 1 4
5.66 89.21 49.85 40.21 32.72 65.02 50.90 86.07 14.82 67.00 78.45 77.12 48.21 91.76 36.61 71.84 39.78 65.19 48.09 8.41 93.10 72.72 53.54 47.55 34.52 44.95 63.82 95.91 96.54 28.03 
93.24 24.78 8.44 55.65 27.57 76.03 80.00 81.37 99.02 4.95 50.63 26.80 10.18 73.98 82.54 7.19 46.07 3.38 36.21 60.86 53.00 7.14 68.18 11.54 98.57 47.69 88.74 17.86 88.39 76.74 82.48 48.58 61.79 68.27 64.30 43.38 25.53 75.19 30.69 90.84 88.15 26.19 36.43 92.01 13.17 89.36 65.77 89.13 36.15 14.43 60.15 82.16 
0 
1 1 0 1 
90 56 3 4
58.10 40.81 39.85 74.84 6.13 5.85 49.95 57.84 67.28 17.24 55.68 91.58 16.45 36.10 52.75 87.47 17.05 9.80 42.89 3.38 20.92 66.03 56.05 83.67 77.97 37.04 20.23 46.52 27.26 73.38 88.44 51.69 21.98 15.35 9.16 70.61 99.32 49.70 8.73 38.24 18.31 79.44 97.63 5.12 51.20 75.43 11.68 99.22 21.44 45.14 37.79 95.38 8.47 7.10 86.83 51.92 5.44 74.04 68.56 77.73 93.32 6.88 84.70 25.02 56.54 69.94 26.31 52.33 89.71 1.33 88.93 72.90 53.63 14.82 67.81 94.74 67.86 41.99 25.78 16.35 77.12 11.86 19.21 28.38 2.49 1.24 41.54 3.44 38.37 15.96 31.96 12.50 7.94 31.59 34.45 32.16 16.61 48.52 4.59 51.10 65.80 73.24 20.23 67.21 42.98 35.44 6.00 18.12 26.74 85.67 64.49 32.01 76.22 15.88 99.58 36.70 98.84 30.53 25.33 70.78 48.11 8.89 71.31 85.43 79.39 44.12 67.19 15.21 79.66 38.12 84.77 5.88 67.13 74.26 60.60 84.18 3.71 47.30 43.52 21.72 70.26 63.21 66.38 18.52 27.27 58.02 20.42 23.34 9.80 1.14 68.53 15.70 36.04 55.07 78.84 54.74 58.08 90.18 15.77 23.01 17.72 99.46 13.75 9.13 89.44 96.00 68.56 11.61 47.06 5.77 60.24 29.41 14.42 57.61 82.00 17.50 81.97 24.45 77.88 65.59 
73.68 50.16 52.50 79.59 31.10 79.77 69.02 69.66 68.69 15.15 98.51 57.69 73.09 46.21 9.76 41.75 29.32 38.27 19.58 33.80 70.27 84.10 18.96 1.34 34.52 32.88 58.16 4.53 83.71 27.24 8.63 96.51 21.03 13.32 23.69 92.96 54.76 69.79 46.72 31.77 65.61 83.80 27.40 64.78 39.85 50.86 30.97 85.82 37.39 3.28 71.31 49.44 10.48 89.43 98.09 87.41 
2 2 2 
0 1 3 2 
60 82 4 3
98.31 54.83 71.69 48.05 82.53 24.66 10.63 3.61 86.10 3.10 27.84 86.19 56.83 53.78 99.44 3.49 13.38 99.04 34.69 49.21 32.91 89.64 12.45 19.86 72.69 83.88 26.68 40.85 10.98 13.70 46.82 90.00 9.85 40.85 41.53 56.87 57.01 20.27 97.26 1.94 88.88 95.49 43.20 89.07 16.36 90.96 23.80 70.37 90.37 68.23 23.20 97.46 19.20 59.09 14.81 94.74 84.22 14.01 18.32 98.37 85.86 22.80 2.07 26.78 10.10 34.26 5.19 47.18 35.93 99.03 80.54 58.55 73.86 48.59 52.47 11.02 38.79 19.68 48.85 44.64 32.91 40.05 47.32 62.65 88.81 86.33 72.93 78.12 22.39 25.71 20.70 44.35 79.42 74.75 44.21 5.51 54.32 18.91 41.53 68.41 95.92 30.80 80.21 46.74 99.39 76.49 60.67 71.74 76.48 93.47 85.62 57.85 11.91 53.96 11.41 33.62 94.92 69.25 79.06 48.05 
85.44 54.06 51.90 51.00 73.40 65.74 80.06 96.68 97.82 82.38 72.65 68.96 85.63 90.33 21.69 90.90 87.17 49.66 22.97 3.85 24.41 92.64 20.16 85.01 45.88 55.62 79.36 76.66 82.69 36.44 15.70 86.18 33.64 87.18 96.14 49.56 54.95 94.92 36.68 99.46 27.61 74.47 10.34 66.18 6.92 61.05 35.50 88.38 18.34 22.82 49.75 80.28 28.81 49.45 14.49 27.01 87.61 9.48 15.91 18.91 57.89 62.89 72.16 73.31 30.35 56.04 7.59 78.55 87.89 80.67 25.47 27.27 88.47 11.60 25.13 82.82 18.35 73.59 70.26 34.11 32.39 2.52 
0 0 0 0 
0 2 1 
61 95 2 1
62.56 88.31 48.98 71.73 64.30 27.49 11.56 26.22 69.09 6.79 47.80 44.95 16.91 57.90 4.84 43.47 11.45 17.99 58.33 99.17 60.44 22.76 13.22 23.49 87.96 18.78 61.17 38.97 2.69 85.16 66.00 20.97 19.45 93.46 67.24 86.34 4.25 77.64 5.18 56.30 76.77 49.79 93.31 80.38 90.67 78.83 43.47 77.92 47.20 32.75 40.06 48.24 53.29 2.02 51.74 87.37 80.25 46.03 28.24 8.44 77.92 47.83 74.44 32.85 51.73 97.18 90.67 60.35 89.26 36.54 42.24 92.00 49.89 34.10 22.90 56.34 80.72 16.75 42.14 9.29 58.29 46.11 22.88 59.02 60.99 17.49 54.81 39.26 3.38 55.89 2.07 38.50 55.63 3.83 73.62 32.58 73.23 14.95 29.68 61.53 32.40 31.76 60.02 57.48 49.79 71.46 40.00 71.17 40.22 28.72 6.04 34.09 85.47 98.72 27.10 63.12 83.88 37.25 3.87 41.88 33.17 77.30 
33.11 42.36 49.56 91.59 19.29 20.06 14.62 3.37 75.84 63.50 90.34 8.68 76.15 67.18 95.55 27.47 5.73 23.49 63.85 93.02 46.28 90.68 24.78 82.20 9.40 48.99 69.13 69.88 66.90 32.02 78.78 35.96 93.25 21.95 34.35 75.00 83.89 12.87 8.82 79.85 32.59 37.25 49.18 1.87 82.82 9.25 81.48 13.26 20.04 1.89 35.36 54.74 55.75 62.60 76.21 45.06 92.32 34.25 58.27 14.36 72.35 25.79 30.04 35.27 3.51 79.77 33.03 93.92 56.63 44.81 10.51 67.40 49.28 55.23 78.64 50.60 83.30 31.67 83.41 18.90 5.66 76.60 26.11 73.69 52.67 71.72 83.10 79.49 3.34 52.91 76.54 65.28 3.48 70.53 5.25 
1 0 
0 
47 80 4 2
75.71 91.90 70.98 38.90 85.33 95.82 31.44 41.17 44.55 58.54 13.47 63.73 46.35 82.57 9.29 51.62 75.58 47.14 36.81 26.84 93.48 46.61 80.60 67.43 7.19 14.31 18.72 49.78 20.64 3.31 83.12 17.30 5.37 42.92 99.97 93.48 46.18 48.34 65.52 83.33 39.23 89.79 90.61 37.23 89.30 21.42 32.91 26.65 23.42 77.67 14.98 2.07 64.67 71.41 22.21 60.24 49.32 16.25 85.03 15.94 35.60 37.91 96.58 2.42 52.59 59.85 99.34 22.98 80.51 44.30 70.22 3.02 71.39 37.96 71.78 76.84 49.78 68.94 87.29 21.22 96.54 98.94 57.59 86.95 8.06 47.95 34.92 10.62 24.23 72.47 40.58 96.00 4.62 8.79 
41.79 7.64 29.54 40.15 49.78 20.09 68.98 39.07 32.65 50.52 58.05 13.25 93.26 68.46 59.18 20.14 10.39 75.25 1.18 58.06 59.15 41.24 38.09 89.64 53.58 16.15 80.23 48.10 81.54 59.76 51.22 44.93 60.89 63.00 38.97 42.31 8.63 91.68 59.17 60.69 69.55 11.93 62.08 27.93 85.49 76.28 8.91 66.26 28.26 79.70 94.14 30.31 18.59 70.83 20.65 68.06 28.60 30.82 79.60 93.86 62.23 2.42 5.30 91.80 44.28 25.51 5.46 58.39 69.87 20.10 32.39 27.95 33.72 87.54 39.67 70.51 2.07 91.30 21.25 84.67 
2 3 3 1 
0 1 
80 58 4 1
65.79 70.95 16.54 64.25 55.40 95.94 4.18 79.69 42.84 98.55 73.87 2.51 37.96 5.18 13.72 92.41 3.94 78.12 31.15 91.50 86.58 63.67 92.19 96.22 11.11 60.81 51.14 69.84 1.85 45.69 10.30 51.22 9.26 25.09 64.05 37.25 44.06 37.74 31.90 69.81 41.04 58.57 1.10 15.47 33.96 33.50 94.81 35.78 21.80 75.44 83.83 76.67 83.55 90.10 31.71 52.51 3.13 38.15 25.19 83.61 36.67 46.86 94.92 83.99 96.26 92.89 81.62 90.86 70.16 10.29 84.15 48.19 43.27 53.02 89.45 5.92 79.89 62.04 53.53 63.10 32.91 65.56 68.55 4.95 54.73 46.99 55.50 75.48 26.60 63.33 60.87 54.47 3.59 26.83 66.44 8.10 32.76 85.25 64.39 83.30 4.86 28.76 75.93 2.05 30.55 8.15 56.64 96.51 81.87 21.01 49.27 58.34 50.78 29.92 27.73 43.25 28.36 81.60 91.52 90.91 55.50 1.79 66.66 66.61 26.00 58.30 77.11 41.82 74.47 88.24 74.25 6.98 49.39 22.75 13.91 31.10 91.66 10.75 86.99 24.56 39.11 74.36 59.34 43.68 90.35 96.38 42.69 73.89 75.91 54.22 21.76 66.34 96.58 50.87 21.65 46.68 11.82 51.31 86.29 28.45 
47.34 17.92 67.94 1.01 49.28 69.57 91.20 69.60 20.16 49.76 43.92 20.75 56.52 24.08 34.85 92.01 37.94 6.25 26.07 78.09 85.10 14.51 45.99 25.49 67.14 74.22 59.28 72.26 76.45 41.36 78.94 69.63 32.32 5.99 79.45 81.29 85.14 14.39 15.79 63.73 14.27 50.84 99.03 95.27 96.74 22.73 28.72 56.65 50.75 42.79 65.33 68.29 91.19 36.80 11.33 60.87 64.83 68.40 
3 0 1 2 
0 
5 16 2 2
32.87 32.18 74.06 25.06 37.15 30.43 6.49 32.19 32.40 52.16 
90.28 51.76 1.29 6.94 96.52 86.44 93.70 71.30 34.71 76.21 23.35 91.53 59.09 60.34 22.51 97.77 
1 0 
1 1 
22 79 4 2
48.59 2.22 4.07 40.77 69.48 61.18 28.02 76.00 10.90 14.87 56.30 11.98 34.38 86.79 99.77 59.66 56.52 11.36 45.60 88.07 31.94 12.37 43.13 68.20 98.30 97.84 84.92 55.76 23.63 72.97 38.81 71.81 9.56 2.71 47.30 65.84 33.49 32.23 60.19 84.68 81.10 91.51 66.96 32.80 
67.10 5.26 44.34 44.47 95.05 90.10 47.75 39.25 47.75 76.09 97.79 51.50 34.30 74.12 98.84 23.85 98.89 55.14 83.98 15.35 30.78 52.34 45.93 72.90 9.63 70.77 68.84 14.13 74.09 99.59 73.82 20.33 35.30 70.43 46.77 74.17 69.57 96.88 83.00 48.87 72.91 91.88 6.97 90.98 72.14 39.98 14.68 64.14 10.70 78.79 9.09 8.55 9.87 47.29 13.67 29.59 67.19 1.99 30.57 34.54 2.17 48.66 5.77 62.05 59.14 82.78 65.26 99.82 26.15 52.81 72.76 3.97 27.14 48.04 87.36 72.41 85.49 34.67 63.19 
0 1 1 1 
0 1 
31 50 3 2
33.07 15.29 12.08 77.76 18.83 69.01 68.87 44.80 87.80 76.13 85.71 99.72 40.37 14.32 10.28 63.10 50.83 33.68 83.59 87.57 83.23 42.56 55.58 99.51 89.24 21.79 46.18 60.80 48.07 44.27 16.08 14.59 36.23 68.72 6.79 90.14 99.78 40.05 79.87 85.99 18.84 70.70 2.71 86.72 6.40 80.85 34.13 73.73 19.08 23.20 15.03 40.40 53.01 66.59 8.66 44.19 19.44 10.47 83.28 40.89 95.24 35.59 
5.35 71.34 83.66 30.43 85.18 50.77 1.23 64.44 48.54 77.41 76.90 47.56 28.45 15.72 42.42 24.98 6.59 23.06 91.58 65.58 49.46 16.40 74.37 54.54 10.65 20.31 48.77 12.55 1.50 43.34 16.15 24.84 45.87 29.64 43.45 59.35 69.98 59.72 33.53 15.03 32.29 9.56 56.42 58.81 17.29 84.04 69.95 90.24 14.97 9.69 
1 1 0 
1 1 
76 60 1 3
97.96 9.38 76.86 34.41 88.35 80.24 26.74 91.79 79.82 93.62 8.99 24.11 64.18 84.17 34.69 79.78 36.81 57.15 84.00 28.53 92.93 15.99 44.73 60.36 57.36 51.37 47.07 77.70 74.79 27.15 13.96 46.13 99.22 80.46 95.76 72.53 87.25 37.54 50.63 34.82 59.08 10.07 22.39 41.93 43.90 40.13 31.90 5.91 14.39 39.51 42.86 49.23 31.24 46.28 56.12 83.33 71.47 47.68 30.10 45.10 77.33 74.52 43.74 84.98 70.93 9.73 32.58 88.26 11.47 15.99 93.11 80.51 20.15 43.04 33.48 92.73 99.04 26.63 53.77 39.80 68.22 52.07 98.61 67.42 91.38 41.94 71.96 44.95 51.68 55.26 6.95 56.32 97.39 4.98 26.42 88.68 50.01 24.86 56.60 2.40 75.04 46.80 54.78 90.54 48.48 75.47 11.43 80.28 13.04 81.42 39.06 94.36 98.06 79.73 9.69 87.15 26.42 84.22 3.10 40.76 10.41 91.33 53.48 70.33 10.75 70.33 32.96 18.59 27.07 10.26 68.67 38.73 9.22 2.21 39.52 42.82 65.50 19.08 74.82 94.97 95.76 78.68 3.98 15.06 20.52 76.60 29.17 72.82 87.07 1.10 84.80 52.85 
52.67 15.33 37.06 17.60 69.06 74.82 18.09 13.68 18.87 77.88 37.39 45.04 68.88 85.38 70.05 86.89 72.24 93.83 38.29 72.77 50.94 77.42 94.82 6.98 11.39 69.10 21.37 52.45 36.72 61.67 70.27 82.52 15.38 24.55 2.76 68.77 14.04 43.91 92.90 45.54 56.45 1.09 46.07 58.98 46.83 75.66 14.73 36.56 43.52 75.19 6.43 72.29 27.51 20.73 65.48 43.76 85.85 24.76 10.20 96.61 
0 
1 2 1 
79 69 3 2
37.88 3.96 29.78 46.62 81.71 74.99 61.42 29.89 32.33 31.49 42.25 62.74 93.77 64.96 6.27 98.19 83.83 49.65 56.33 48.36 4.83 8.81 84.87 74.14 91.26 28.60 35.79 48.89 64.79 30.79 42.08 63.76 94.73 80.94 68.39 13.12 45.05 48.71 48.80 95.64 75.58 84.58 77.80 45.36 1.70 38.19 45.47 96.15 71.81 82.72 97.35 94.53 16.46 90.48 20.13 53.46 18.67 44.49 75.34 45.71 20.15 47.70 5.66 61.49 35.47 69.36 88.24 16.65 36.33 8.97 90.46 58.54 23.67 64.36 80.11 92.30 19.55 55.80 68.58 89.98 39.93 26.72 53.95 42.32 71.09 44.91 63.21 68.41 61.68 10.44 80.87 86.17 58.37 44.11 16.92 9.30 64.35 67.98 13.28 33.12 64.29 32.00 26.04 61.68 67.34 87.00 99.49 89.39 49.16 80.68 56.20 74.71 28.28 60.85 59.36 16.33 3.10 87.65 75.85 49.04 84.34 69.30 46.05 80.11 10.90 28.65 85.23 75.30 79.55 62.65 13.81 31.51 71.84 45.01 38.13 69.17 15.27 62.17 75.51 1.86 37.01 99.95 74.54 33.87 16.48 28.69 3.28 97.98 50.96 51.70 21.86 21.02 15.39 61.60 10.48 57.78 28.78 26.49 
73.90 49.75 95.91 66.19 29.19 28.09 1.34 1.83 50.99 33.04 9.51 6.39 66.78 42.09 20.29 6.48 59.53 64.48 70.23 46.90 89.05 69.56 70.08 6.88 36.04 28.39 18.94 26.77 64.06 93.11 1.49 80.03 51.68 83.14 41.48 89.45 54.02 97.97 23.86 90.56 51.39 34.60 2.53 20.14 90.76 3.44 93.80 59.76 36.38 71.42 83.30 46.03 34.55 77.17 65.07 69.51 48.38 45.72 34.14 66.38 24.65 67.33 50.80 95.94 31.95 51.41 20.37 46.18 75.49 
1 1 1 
1 1 
32 43 4 3
28.27 25.17 74.81 70.45 95.13 20.87 80.41 40.42 5.40 45.08 2.03 43.72 11.13 29.15 2.53 98.12 48.76 71.56 73.12 71.47 10.06 15.36 66.01 34.74 90.95 64.71 49.96 9.62 26.12 49.46 78.70 36.87 44.24 50.95 71.49 32.76 50.75 74.64 25.91 31.59 28.82 6.45 96.85 82.91 84.54 53.20 72.81 35.66 77.45 4.46 46.00 24.45 35.39 92.74 91.27 2.13 89.20 40.86 5.70 49.22 1.17 28.71 21.79 57.38 
20.99 13.31 97.30 92.28 93.91 99.92 88.37 22.90 42.21 75.90 21.32 86.19 28.32 40.11 26.47 83.65 2.61 61.00 8.52 90.66 14.04 81.04 10.08 77.05 33.10 25.55 15.83 49.82 33.39 59.22 9.17 29.56 64.82 42.47 81.19 27.06 56.48 63.20 52.08 54.41 10.53 64.34 78.81 
0 0 0 2 
2 1 2 
