5
17 89 3 4
43.08 44.51 76.53 17.29 81.72 63.53 43.27 56.68 82.42 92.76 10.30 45.05 86.76 52.32 14.48 80.78 73.92 22.64 23.82 69.10 40.88 92.40 39.08 80.69 94.54 60.43 64.78 91.47 53.89 1.92 44.97 72.40 84.95 71.86 
13.43 63.18 76.10 58.57 63.33 83.00 85.59 71.68 23.87 28.66 47.74 86.39 75.02 35.60 56.15 2.10 74.82 99.02 97.35 30.09 66.33 10.55 69.24 74.37 37.39 72.20 5.52 22.11 74.50 35.74 19.72 90.23 19.42 74.49 56.90 46.88 52.38 9.89 56.40 20.98 89.52 98.20 2.23 69.12 59.63 19.78 32.34 89.21 65.82 25.47 28.48 18.53 32.34 77.45 71.76 52.06 11.81 66.19 4.79 84.51 33.31 58.80 67.95 82.51 27.18 77.15 28.84 17.23 28.82 55.97 10.83 26.86 25.83 16.94 75.79 17.35 44.82 93.65 97.13 78.53 19.29 53.23 42.01 79.02 94.82 64.85 96.22 91.71 63.14 
0 1 1 
1 3 2 2 
76 79 4 3
43.15 30.69 38.37 86.49 33.11 96.81 56.03 13.63 98.39 15.75 58.64 54.53 5.78 93.36 49.56 96.25 12.28 35.86 41.90 2.96 1.24 52.57 15.91 30.08 43.33 16.85 78.82 83.93 36.74 67.11 36.99 94.43 55.73 67.50 87.10 4.34 21.89 44.04 89.44 70.32 80.72 57.95 37.39 21.91 32.87 31.97 74.90 25.52 7.84 85.16 81.58 25.20 31.45 56.74 8.82 47.59 56.96 39.50 37.71 90.44 48.77 17.86 81.96 3.64 43.86 74.67 86.52 91.28 96.24 25.55 36.57 34.06 30.61 46.37 5.67 21.94 80.96 97.06 95.95 37.27 27.01 68.68 34.02 45.58 27.65 37.46 67.80 90.29 96.91 5.83 48.43 96.48 42.81 57.38 97.75 12.79 70.17 97.97 96.12 77.66 75.78 32.00 39.81 68.71 65.55 93.04 4.46 36.98 50.79 82.68 78.59 72.83 84.75 23.94 71.80 26.65 78.19 38.75 15.77 34.73 31.48 52.53 16.56 68.94 81.55 15.34 3.97 53.02 49.25 94.05 19.81 81.43 83.16 11.58 90.94 67.94 7.16 59.30 98.14 36.02 39.28 22.09 20.96 6.50 57.05 91.37 8.37 56.61 22.05 2.01 71.74 86.89 
76.74 8.07 51.91 97.99 73.69 21.76 33.03 88.68 74.50 34.55 33.17 8.30 63.25 61.42 93.04 77.62 22.85 70.33 70.20 85.90 67.67 44.04 8.69 82.35 55.35 84.13 11.07 20.66 29.11 14.30 90.54 66.87 74.31 71.05 41.43 79.59 86.83 18.30 93.78 8.64 11.22 20.62 60.83 60.01 6.74 87.54 25.37 45.39 16.58 14.43 35.90 85.58 42.64 80.63 92.01 67.36 25.74 63.94 40.50 90.01 15.09 94.33 95.53 66.97 53.18 16.87 5.03 5.79 51.55 2.88 92.26 9.10 18.24 83.04 13.60 27.46 21.44 75.00 98.43 
0 0 3 0 
1 0 0 
27 32 2 1
70.20 88.64 14.54 86.21 36.45 82.89 58.13 50.63 28.42 31.61 75.38 33.47 32.66 19.87 10.93 46.30 50.73 55.67 78.19 45.82 91.77 76.21 20.21 51.07 12.99 49.55 21.97 5.27 70.94 81.93 78.33 55.58 71.83 13.13 64.00 75.42 81.51 82.38 54.00 60.27 63.83 63.73 1.16 96.42 53.20 39.32 85.83 28.80 98.77 19.16 92.55 87.51 45.61 6.11 
95.59 34.49 8.20 29.12 42.13 72.15 7.05 99.23 45.62 32.25 82.22 63.24 58.38 53.66 71.91 62.48 81.40 3.30 34.93 6.10 14.86 98.98 66.29 52.06 70.73 89.80 63.08 17.71 58.83 19.41 94.04 93.09 
0 0 
0 
95 36 2 1
20.24 15.81 78.47 76.30 68.30 81.25 7.17 6.20 25.32 80.32 7.45 69.01 60.39 67.65 34.53 90.42 82.95 29.35 71.84 72.81 58.90 45.27 3.46 40.17 61.41 17.08 23.11 48.76 94.42 16.50 35.08 5.82 86.06 94.18 12.44 86.02 7.12 52.25 96.95 85.02 14.78 74.79 43.38 98.70 61.16 51.87 54.30 22.25 15.43 12.87 10.45 37.47 77.36 67.21 90.18 86.14 78.67 89.68 19.36 42.45 28.11 53.95 63.75 38.97 86.04 25.47 16.06 87.62 14.50 17.75 64.24 67.57 97.92 34.57 54.03 77.89 45.11 61.79 86.51 45.35 56.09 21.72 78.53 97.29 61.00 65.64 45.89 54.18 99.83 78.11 12.55 37.06 81.72 36.85 88.05 70.40 46.63 14.43 62.77 34.72 75.45 23.28 84.97 11.25 78.35 49.07 99.85 12.18 71.70 83.35 5.13 75.33 45.07 42.28 60.74 90.62 69.92 43.69 98.70 48.99 71.00 37.73 78.86 21.62 15.19 85.74 61.23 36.81 23.35 46.90 62.38 55.80 37.73 59.45 27.15 50.41 82.95 6.30 49.93 52.02 88.92 99.96 32.08 72.39 26.95 70.39 24.44 89.76 12.08 99.07 52.68 59.11 6.97 41.60 68.96 31.27 22.13 62.84 84.73 63.55 86.53 31.02 89.71 58.80 9.03 45.42 41.53 90.52 83.55 12.55 39.63 78.69 64.51 57.31 71.71 13.93 1.44 17.48 16.24 67.29 3.42 73.46 39.34 9.96 69.79 68.07 28.46 92.07 31.89 93.76 
48.11 72.72 69.92 49.60 60.43 87.35 64.28 39.95 37.01 17.98 99.00 78.70 2.26 9.73 93.81 25.47 67.55 53.41 97.87 59.94 17.17 21.85 96.27 62.54 16.65 84.70 73.65 3.29 39.73 86.44 69.30 28.62 30.13 23.70 23.56 74.75 
0 0 
0 
3 35 1 1
78.04 56.21 93.44 13.40 28.16 29.46 
28.96 44.41 42.37 32.35 63.02 86.36 4.09 94.81 11.65 92.96 26.09 7.81 31.27 18.15 45.95 69.90 84.81 94.73 4.26 42.72 36.16 80.62 46.72 95.57 30.20 49.02 57.00 9.88 83.07 11.59 56.04 18.54 94.30 5.84 75.93 
0 
0 